------------------------------------------------------------------- 
Name: 12345 
Date: 2018-04-12 
Number of Terminations: 63 
Number of Bifurcations: 72 
------------------------------------------------------------------- 
------------------------------------------------------------------- 
Terminations : 
------------------------------------------------------------------- 
X          Y     Angle 
 81 	  24 	 239.00 
 24 	 256 	 24.00 
256 	  37 	 90.00 
 43 	 226 	 46.00 
263 	  47 	 69.00 
 50 	 184 	 58.00 
221 	  59 	 253.00 
 68 	 117 	 78.00 
207 	  84 	 227.00 
 87 	 171 	 88.00 
219 	  93 	 230.00 
109 	 197 	 111.00 
163 	 129 	 189.00 
134 	 195 	 141.00 
237 	 141 	 62.00 
142 	 206 	 142.00 
144 	 146 	 183.00 
147 	 218 	 147.00 
152 	 149 	 210.00 
151 	 142 	 155.00 
189 	 156 	 119.00 
158 	 150 	 158.00 
 59 	 165 	 66.00 
165 	 233 	 167.00 
192 	 168 	 60.00 
176 	 155 	 177.00 
192 	 177 	 206.00 
179 	 214 	 180.00 
145 	 185 	 155.00 
188 	 164 	 188.00 
225 	 190 	 145.00 
191 	 224 	 196.00 
156 	 197 	 145.00 
198 	 234 	 199.00 
 57 	 200 	 182.00 
201 	 158 	 205.00 
 42 	 209 	 212.00 
212 	 104 	 217.00 
139 	 221 	 83.00 
222 	  57 	 223.00 
 65 	 223 	 79.00 
232 	 225 	 267.00 
------------------------------------------------------------------- 
Bifurcations : 
------------------------------------------------------------------- 
X          Y     Angle 1     Angle 2    Angle 3 
227 	  19 	 167.00 	 	 30.00 	 	 111.00 
 32 	 140 	 32.00 	 	 157.00 	 	 34.00 
265 	  39 	 104.00 	 	 40.00 	 	 126.00 
 40 	 207 	 40.00 	 	 127.00 	 	 52.00 
175 	  56 	 253.00 	 	 56.00 	 	 201.00 
 57 	 270 	 60.00 	 	 248.00 	 	 64.00 
209 	  69 	 242.00 	 	 71.00 	 	 268.00 
 76 	 238 	 77.00 	 	 250.00 	 	 79.00 
245 	  84 	 103.00 	 	 95.00 	 	 252.00 
 95 	 246 	 99.00 	 	 184.00 	 	 102.00 
261 	 105 	 139.00 	 	 106.00 	 	 155.00 
107 	 112 	 109.00 	 	 174.00 	 	 115.00 
155 	 116 	 194.00 	 	 123.00 	 	 212.00 
124 	 263 	 128.00 	 	 257.00 	 	 131.00 
 83 	 133 	 195.00 	 	 135.00 	 	 259.00 
141 	 151 	 142.00 	 	 253.00 	 	 143.00 
 93 	 159 	 215.00 	 	 161.00 	 	 173.00 
170 	 249 	 187.00 	 	 188.00 	 	 188.00 
125 	 192 	 249.00 	 	 210.00 	 	 249.00 
218 	 128 	 226.00 	 	 60.00 	 	 240.00 
250 	 242 	 82.00 	 	 248.00 	 	 89.00 
249 	 258 	 251.00 	 	 80.00 	 	 254.00 
249 	 256 	 172.00 	 	 257.00 	 	 74.00 
260 	 236 	 261.00 	 	 242.00 	 	 263.00 
209 	 264 	 105.00 	 	 265.00 	 	 233.00 
268 	 166 	 270.00 	 	 136.00 	 	 271.00 
216 	 271 	 148.00 	 	 272.00 	 	 155.00 
274 	 228 	 274.00 	 	 177.00 	 	 276.00 
210 	 279 	 163.00 	 	 280.00 	 	 