------------------------------------------------------------------- 
Name: aaa 
Date: 2018-04-20 
Number of Terminations: 27 
Number of Bifurcations:  6 
------------------------------------------------------------------- 
------------------------------------------------------------------- 
Terminations : 
------------------------------------------------------------------- 
X          Y     Angle 
144 	  60 	 2.36 
150 	  66 	 0.00 
172 	  97 	 2.09 
127 	 109 	 0.00 
146 	 120 	 -0.52 
NaN 	 NaN 	 NaN 
191 	 131 	 1.57 
NaN 	 NaN 	 NaN 
NaN 	 NaN 	 NaN 
132 	 152 	 3.14 
115 	 157 	 -2.36 
211 	 157 	 2.09 
215 	 162 	 -0.79 
133 	 192 	 -0.79 
114 	 197 	 -1.57 
180 	 202 	 2.09 
139 	 208 	 1.57 
211 	 214 	 2.09 
192 	 215 	 -1.57 
NaN 	 NaN 	 NaN 
167 	 225 	 1.57 
163 	 232 	 2.36 
168 	 239 	 -1.05 
190 	 241 	 2.09 
215 	 243 	 2.36 
194 	 246 	 -0.52 
158 	 249 	 2.62 
------------------------------------------------------------------- 
Bifurcations : 
------------------------------------------------------------------- 
X          Y     Angle 1     Angle 2    Angle 3 
135 	  67 	 -2.36 	 	 1.05 	 	 0.79 
133 	 101 	 2.36 	 	 -2.62 	 	 -0.52 
198 	 101 	 2.36 	 	 -2.36 	 	 -0.79 
192 	 107 	 2.36 	 	 0.79 	 	 -0.79 
136 	 122 	 3.14 	 	 1.57 	 	 -0.52 
220 	 172 	 3.14 	 	 1.57 	 	 -0.52 
