------------------------------------------------------------------- 
Name: c 
Date: 2018-04-27 
Number of Terminations: 60 
Number of Bifurcations:  3 
------------------------------------------------------------------- 
------------------------------------------------------------------- 
Terminations : 
------------------------------------------------------------------- 
X          Y     Angle 
136 	  22 	 0.52 
128 	  24 	 -2.36 
175 	  27 	 2.62 
142 	  33 	 -2.62 
103 	  37 	 0.79 
176 	  50 	 2.36 
160 	  52 	 3.14 
166 	  52 	 -0.52 
115 	  54 	 -2.36 
169 	  61 	 0.00 
103 	  80 	 -2.09 
 83 	  89 	 1.05 
 90 	  89 	 1.05 
162 	  93 	 2.09 
 88 	  95 	 -2.09 
221 	  95 	 1.57 
156 	  96 	 -1.57 
166 	  99 	 -1.57 
143 	 103 	 -2.09 
 77 	 107 	 -2.09 
182 	 110 	 2.09 
162 	 111 	 -1.57 
218 	 112 	 1.57 
 88 	 113 	 1.05 
 85 	 122 	 -1.57 
 91 	 125 	 0.79 
134 	 127 	 -1.57 
191 	 132 	 1.57 
111 	 134 	 1.57 
 94 	 136 	 0.79 
 88 	 137 	 -2.09 
166 	 143 	 -2.09 
176 	 143 	 1.05 
 91 	 145 	 -1.57 
 89 	 151 	 1.05 
134 	 153 	 -2.09 
175 	 156 	 -1.57 
111 	 157 	 1.57 
128 	 157 	 1.05 
NaN 	 NaN 	 NaN 
108 	 163 	 -2.09 
135 	 165 	 -2.09 
 84 	 166 	 -2.09 
180 	 166 	 1.57 
113 	 168 	 1.57 
131 	 173 	 1.05 
178 	 173 	 -2.09 
140 	 182 	 1.05 
105 	 187 	 -2.09 
137 	 189 	 -2.36 
127 	 205 	 1.05 
201 	 216 	 -2.62 
202 	 225 	 1.05 
210 	 225 	 -2.09 
162 	 233 	 0.79 
141 	 234 	 0.52 
122 	 245 	 -2.62 
NaN 	 NaN 	 NaN 
147 	 255 	 -2.36 
140 	 257 	 0.00 
------------------------------------------------------------------- 
Bifurcations : 
------------------------------------------------------------------- 
X          Y     Angle 1     Angle 2    Angle 3 
148 	 117 	 -2.36 	 	 NaN 	 	 -1.05 
NaN 	 NaN 	 0.00 	 	 0.00 	 	 0.00 
125 	 136 	 -2.36 	 	 1.05 	 	 -1.05 
