------------------------------------------------------------------- 
Name: John_Doe 
Date: 2018-04-13 
Number of Terminations: 62 
Number of Bifurcations: 88 
------------------------------------------------------------------- 
------------------------------------------------------------------- 
Terminations : 
------------------------------------------------------------------- 
X          Y     Angle 
 41 	 150 	 2.36 
 45 	 184 	 1.05 
 45 	 198 	 0.79 
 46 	 238 	 0.52 
 47 	 167 	 1.05 
 47 	 208 	 0.52 
 47 	 218 	 0.52 
 47 	 228 	 0.52 
 50 	 148 	 1.05 
 53 	 129 	 1.57 
 56 	 112 	 1.05 
 65 	  78 	 1.05 
 70 	  18 	 2.62 
 71 	 237 	 0.52 
 75 	  10 	 3.14 
 76 	  47 	 1.05 
 77 	 102 	 -2.36 
 83 	  71 	 0.79 
 98 	 101 	 0.79 
NaN 	 NaN 	 NaN 
108 	 178 	 1.05 
109 	 121 	 -2.09 
NaN 	 NaN 	 NaN 
129 	 126 	 1.57 
NaN 	 NaN 	 NaN 
NaN 	 NaN 	 NaN 
NaN 	 NaN 	 NaN 
141 	 149 	 0.79 
NaN 	 NaN 	 NaN 
NaN 	 NaN 	 NaN 
NaN 	 NaN 	 NaN 
NaN 	 NaN 	 NaN 
NaN 	 NaN 	 NaN 
145 	 159 	 0.79 
147 	 174 	 1.05 
150 	  96 	 0.52 
150 	 139 	 -2.36 
151 	 168 	 -2.09 
151 	 232 	 0.52 
NaN 	 NaN 	 NaN 
NaN 	 NaN 	 NaN 
NaN 	 NaN 	 NaN 
157 	 179 	 1.57 
NaN 	 NaN 	 NaN 
163 	 102 	 -2.36 
NaN 	 NaN 	 NaN 
171 	 122 	 0.00 
179 	 169 	 1.57 
NaN 	 NaN 	 NaN 
189 	 175 	 1.57 
190 	  74 	 0.00 
193 	 130 	 2.09 
195 	  52 	 2.62 
203 	 241 	 0.52 
213 	  80 	 2.09 
224 	 236 	 1.05 
228 	  69 	 -1.05 
239 	 200 	 -2.09 
240 	  86 	 -1.57 
250 	 204 	 -1.57 
260 	 181 	 -1.05 
267 	  50 	 0.00 
------------------------------------------------------------------- 
Bifurcations : 
------------------------------------------------------------------- 
X          Y     Angle 1     Angle 2    Angle 3 
 22 	 147 	 -2.36 	 	 NaN 	 	 0.00 
 27 	 253 	 2.09 	 	 NaN 	 	 0.00 
 55 	  17 	 3.14 	 	 1.05 	 	 0.00 
 55 	 277 	 -2.62 	 	 1.57 	 	 0.00 
 66 	  10 	 3.14 	 	 1.05 	 	 0.00 
 66 	 277 	 -2.62 	 	 1.57 	 	 0.00 
NaN 	 NaN 	 0.00 	 	 0.00 	 	 0.00 
 83 	  33 	 -2.36 	 	 1.57 	 	 -0.79 
 88 	  37 	 2.62 	 	 -2.09 	 	 1.05 
 89 	  21 	 2.62 	 	 -2.09 	 	 0.79 
 90 	 262 	 3.14 	 	 0.79 	 	 -0.79 
 92 	  31 	 -2.09 	 	 1.05 	 	 -0.52 
 93 	 273 	 2.09 	 	 -1.57 	 	 0.79 
 97 	  35 	 2.36 	 	 -2.09 	 	 0.79 
100 	 109 	 -2.36 	 	 1.57 	 	 0.00 
108 	 110 	 3.14 	 	 -2.09 	 	 1.05 
108 	 289 	 -2.62 	 	 1.57 	 	 -0.52 
112 	  14 	 3.14 	 	 -2.09 	 	 0.79 
NaN 	 NaN 	 0.00 	 	 0.00 	 	 0.00 
NaN 	 NaN 	 0.00 	 	 0.00 	 	 0.00 
131 	   5 	 2.36 	 	 -2.36 	 	 0.52 
134 	  14 	 -2.36 	 	 0.79 	 	 -0.79 
NaN 	 NaN 	 0.00 	 	 0.00 	 	 0.00 
137 	 267 	 3.14 	 	 0.52 	 	 -0.79 
138 	  19 	 -2.36 	 	 2.09 	 	 0.52 
140 	 273 	 -2.36 	 	 1.57 	 	 0.00 
143 	 283 	 2.62 	 	 -1.57 	 	 0.52 
144 	 110 	 3.14 	 	 -1.57 	 	 0.52 
145 	 199 	 -2.62 	 	 1.05 	 	 0.00 
NaN 	 NaN 	 0.00 	 	 0.00 	 	 0.00 
NaN 	 NaN 	 0.00 	 	 0.00 	 	 0.00 
148 	 264 	 3.14 	 	 0.52 	 	 -0.79 
150 	 272 	 3.14 	 	 1.57 	 	 0.00 
157 	 250 	 3.14 	 	 1.57 	 	 -0.52 
158 	 165 	 -2.36 	 	 -1.05 	 	 0.79 
164 	 160 	 3.14 	 	 1.57 	 	 -1.05 
164 	  92 	 -2.62 	 	 1.05 	 	 -0.52 
166 	   4 	 -2.62 	 	 2.09 	 	 0.00 
172 	 143 	 3.14 	 	 1.57 	 	 -0.79 
174 	 150 	 3.14 	 	 1.57 	 	 -1.05 
177 	  27 	 2.62 	 	 -1.57 	 	 0.52 
180 	 295 	 -2.62 	 	 1.57 	 	 0.00 
184 	  99 	 2.62 	 	 0.79 	 	 -0.52 
NaN 	 NaN 	 0.00 	 	 0.00 	 	 0.00 
190 	  93 	 2.36 	 	 -2.36 	 	 -0.79 
190 	 280 	 2.62 	 	 -1.57 	 	 0.52 
NaN 	 NaN 	 0.00 	 	 0.00 	 	 0.00 
203 	   5 	 2.62 	 	 -2.09 	 	 0.00 
204 	 258 	 3.14 	 	 -1.57 	 	 0.52 
204 	 289 	 -2.62 	 	 1.57 	 	 -0.52 
207 	  80 	 -2.62 	 	 2.09 	 	 -0.79 
NaN 	 NaN 	 0.00 	 	 0.00 	 	 0.00 
213 	   5 	 3.14 	 	 0.79 	 	 -0.79 
223 	  12 	 2.36 	 	 -2.36 	 	 -0.52 
223 	 243 	 -2.62 	 	 0.79 	 	 -0.79 
223 	 279 	 3.14 	 	 1.05 	 	 -0.79 
227 	 258 	 2.62 	 	 -1.57 	 	 0.00 
229 	  24 	 3.14 	 	 1.05 	 	 -0.79 
229 	  37 	 2.62 	 	 1.05 	 	 -0.79 
235 	  31 	 3.14 	 	 2.09 	 	 -0.52 
235 	  73 	 3.14 	 	 1.57 	 	 0.00 
236 	 248 	 3.14 	 	 1.05 	 	 -0.52 
NaN 	 NaN 	 0.00 	 	 0.00 	 	 0.00 
243 	 251 	 2.62 	 	 -1.57 	 	 0.00 
245 	 242 	 3.14 	 	 0.79 	 	 -0.79 
249 	 261 	 3.14 	 	 2.09 	 	 0.00 
250 	 250 	 3.14 	 	 1.57 	 	 -0.79 
256 	 197 	 2.09 	 	 -2.09 	 	 0.00 
260 	  21 	 -2.62 	 	 -2.09 	 	 0.00 
261 	 214 	 2.36 	 	 3.14 	 	 0.00 
263 	 252 	 3.14 	 	 2.09 	 	 0.00 
265 	 170 	 2.09 	 	 -2.09 	 	 0.00 
NaN 	 NaN 	 0.00 	 	 0.00 	 	 0.00 
NaN 	 NaN 	 0.00 	 	 0.00 	 	 0.00 
270 	 138 	 2.09 	 	 -2.09 	 	 0.00 
273 	 170 	 3.14 	 	 2.09 	 	 0.00 
272 	 252 	 3.14 	 	 -1.05 	 	 0.79 
275 	  21 	 3.14 	 	 2.09 	 	 -0.52 
276 	 234 	 3.14 	 	 1.05 	 	 -0.79 
279 	 102 	 3.14 	 	 -2.36 	 	 0.00 
281 	  36 	 3.14 	 	 1.57 	 	 -1.05 
281 	  43 	 3.14 	 	 1.05 	 	 -1.05 
283 	  50 	 3.14 	 	 1.05 	 	 -1.05 
284 	  83 	 3.14 	 	 0.79 	 	 -0.79 
285 	 138 	 3.14 	 	 0.79 	 	 -0.79 
285 	 162 	 3.14 	 	 -1.05 	 	 0.79 
286 	 187 	 3.14 	 	 1.05 	 	 -1.05 
286 	 102 	 3.14 	 	 1.05 	 	 -1.05 
