------------------------------------------------------------------- 
Name: 100 
Date: 2018-04-19 
Number of Terminations: 58 
Number of Bifurcations: 43 
------------------------------------------------------------------- 
------------------------------------------------------------------- 
Terminations : 
------------------------------------------------------------------- 
X          Y     Angle 
164 	  34 	 -2.62 
171 	  35 	 0.52 
192 	  41 	 1.57 
199 	  41 	 -0.79 
156 	  44 	 0.52 
263 	  49 	 -0.52 
222 	  50 	 -0.79 
139 	  51 	 3.14 
217 	  54 	 2.62 
137 	  59 	 -2.62 
161 	  60 	 0.00 
151 	  61 	 2.62 
 64 	  68 	 0.79 
 88 	  73 	 -2.09 
156 	  76 	 0.00 
240 	  76 	 -0.52 
122 	  78 	 1.05 
116 	  80 	 -2.62 
149 	  86 	 -0.52 
143 	  87 	 -2.62 
247 	 112 	 2.09 
251 	 117 	 -1.05 
225 	 119 	 2.09 
231 	 122 	 -0.79 
224 	 128 	 -0.52 
168 	 132 	 2.62 
208 	 132 	 -2.62 
204 	 138 	 -1.57 
NaN 	 NaN 	 NaN 
 46 	 148 	 1.57 
206 	 148 	 1.05 
NaN 	 NaN 	 NaN 
226 	 150 	 2.09 
258 	 151 	 0.00 
159 	 152 	 -2.62 
241 	 153 	 -1.05 
138 	 156 	 1.05 
162 	 158 	 0.52 
226 	 158 	 -0.79 
189 	 159 	 -1.05 
210 	 160 	 -1.57 
219 	 162 	 -1.57 
 47 	 163 	 1.05 
115 	 169 	 -0.79 
 46 	 178 	 1.05 
228 	 189 	 1.57 
174 	 195 	 -2.62 
193 	 195 	 -1.57 
228 	 195 	 -1.57 
121 	 213 	 1.57 
231 	 213 	 -2.09 
244 	 213 	 -1.05 
 44 	 218 	 1.05 
149 	 230 	 -2.09 
203 	 231 	 0.79 
 95 	 232 	 -2.09 
248 	 241 	 -1.57 
163 	 269 	 0.52 
------------------------------------------------------------------- 
Bifurcations : 
------------------------------------------------------------------- 
X          Y     Angle 1     Angle 2    Angle 3 
157 	  15 	 -2.62 	 	 NaN 	 	 0.00 
223 	  17 	 3.14 	 	 NaN 	 	 -0.79 
235 	  19 	 -2.36 	 	 NaN 	 	 -1.05 
124 	  25 	 2.36 	 	 -2.36 	 	 0.00 
104 	  36 	 -2.62 	 	 1.57 	 	 0.00 
257 	  54 	 -2.62 	 	 2.09 	 	 -0.79 
250 	  58 	 2.62 	 	 0.79 	 	 -0.79 
 78 	  63 	 -2.36 	 	 2.09 	 	 0.52 
NaN 	 NaN 	 0.00 	 	 0.00 	 	 0.00 
NaN 	 NaN 	 0.00 	 	 0.00 	 	 0.00 
262 	  94 	 3.14 	 	 1.05 	 	 -0.79 
 62 	 101 	 2.62 	 	 -1.57 	 	 0.79 
269 	 102 	 2.36 	 	 -1.57 	 	 0.00 
NaN 	 NaN 	 0.00 	 	 0.00 	 	 0.00 
179 	 116 	 3.14 	 	 1.05 	 	 -0.52 
NaN 	 NaN 	 0.00 	 	 0.00 	 	 0.00 
269 	 130 	 3.14 	 	 1.05 	 	 -0.79 
 59 	 142 	 -2.36 	 	 2.09 	 	 0.00 
 87 	 149 	 2.62 	 	 -1.05 	 	 0.79 
 73 	 156 	 -2.36 	 	 2.09 	 	 0.00 
NaN 	 NaN 	 0.00 	 	 0.00 	 	 0.00 
NaN 	 NaN 	 0.00 	 	 0.00 	 	 0.00 
NaN 	 NaN 	 0.00 	 	 0.00 	 	 0.00 
140 	 203 	 2.09 	 	 -2.09 	 	 0.00 
NaN 	 NaN 	 0.00 	 	 0.00 	 	 0.00 
247 	 224 	 2.09 	 	 -2.09 	 	 -0.52 
 55 	 233 	 2.36 	 	 -2.09 	 	 0.52 
245 	 235 	 2.09 	 	 -2.09 	 	 0.00 
 63 	 240 	 -2.62 	 	 1.05 	 	 -0.79 
 57 	 246 	 2.62 	 	 1.05 	 	 -1.05 
141 	 247 	 -2.62 	 	 2.09 	 	 0.00 
240 	 251 	 -2.62 	 	 1.57 	 	 -0.52 
256 	 253 	 3.14 	 	 2.09 	 	 -0.52 
199 	 257 	 -2.62 	 	 1.57 	 	 -0.52 
 84 	 259 	 -2.62 	 	 1.05 	 	 -0.79 
 67 	 261 	 -2.36 	 	 1.57 	 	 0.00 
 96 	 262 	 -2.36 	 	 1.05 	 	 -0.79 
102 	 267 	 2.62 	 	 -2.09 	 	 0.79 
238 	 267 	 3.14 	 	 1.57 	 	 -0.79 
 89 	 269 	 2.09 	 	 -1.57 	 	 0.79 
196 	 271 	 3.14 	 	 -1.57 	 	 0.52 
NaN 	 NaN 	 0.00 	 	 0.00 	 	 0.00 
209 	 277 	 3.14 	 	 -1.05 	 	 0.52 
