------------------------------------------------------------------- 
Name: 101 
Date: 2018-04-19 
Number of Terminations: 80 
Number of Bifurcations: 34 
------------------------------------------------------------------- 
------------------------------------------------------------------- 
Terminations : 
------------------------------------------------------------------- 
X          Y     Angle 
195 	  11 	 -1.57 
157 	  12 	 0.00 
189 	  14 	 3.14 
NaN 	 NaN 	 NaN 
NaN 	 NaN 	 NaN 
 68 	  20 	 2.36 
NaN 	 NaN 	 NaN 
136 	  28 	 0.52 
198 	  28 	 3.14 
127 	  30 	 -2.36 
208 	  30 	 0.00 
174 	  35 	 3.14 
182 	  35 	 -0.52 
196 	  36 	 3.14 
NaN 	 NaN 	 NaN 
109 	  38 	 0.00 
203 	  39 	 -0.52 
103 	  40 	 -2.36 
 76 	  41 	 -1.57 
170 	  44 	 -2.36 
153 	  45 	 2.62 
146 	  46 	 0.79 
160 	  46 	 0.00 
218 	  46 	 2.62 
139 	  48 	 2.62 
NaN 	 NaN 	 NaN 
224 	  49 	 -0.79 
267 	  50 	 0.79 
171 	  56 	 0.00 
NaN 	 NaN 	 NaN 
 71 	  63 	 1.05 
246 	  66 	 2.36 
186 	  68 	 3.14 
242 	  76 	 2.62 
210 	  81 	 0.00 
154 	  83 	 0.52 
195 	  83 	 -0.52 
223 	  86 	 3.14 
138 	  87 	 3.14 
229 	  90 	 -0.52 
136 	  95 	 -2.62 
220 	  96 	 0.00 
214 	  98 	 2.36 
 58 	  99 	 0.52 
 85 	 105 	 -2.36 
260 	 105 	 1.57 
157 	 108 	 0.00 
120 	 110 	 0.00 
 56 	 112 	 0.79 
113 	 114 	 -2.62 
237 	 122 	 -0.79 
 52 	 128 	 1.05 
 50 	 142 	 1.05 
 44 	 166 	 1.05 
110 	 166 	 -1.57 
162 	 169 	 2.36 
219 	 171 	 -1.05 
204 	 176 	 3.14 
 46 	 179 	 0.79 
197 	 179 	 -1.57 
152 	 187 	 -2.62 
130 	 190 	 0.79 
248 	 190 	 2.09 
154 	 195 	 1.05 
 47 	 196 	 1.57 
182 	 196 	 -1.57 
251 	 196 	 -1.57 
233 	 199 	 -0.79 
202 	 201 	 -1.05 
258 	 201 	 0.52 
 46 	 202 	 -1.57 
211 	 203 	 -1.05 
175 	 206 	 1.57 
217 	 214 	 -1.57 
NaN 	 NaN 	 NaN 
166 	 232 	 -2.62 
NaN 	 NaN 	 NaN 
235 	 255 	 -1.57 
221 	 256 	 -2.09 
192 	 274 	 1.05 
------------------------------------------------------------------- 
Bifurcations : 
------------------------------------------------------------------- 
X          Y     Angle 1     Angle 2    Angle 3 
203 	  14 	 -2.62 	 	 NaN 	 	 -0.52 
140 	  15 	 3.14 	 	 NaN 	 	 0.00 
 94 	  21 	 -2.62 	 	 -1.05 	 	 0.79 
 94 	  33 	 -2.36 	 	 2.09 	 	 0.00 
 73 	  86 	 -2.62 	 	 1.57 	 	 0.52 
NaN 	 NaN 	 0.00 	 	 0.00 	 	 0.00 
NaN 	 NaN 	 0.00 	 	 0.00 	 	 0.00 
266 	 134 	 3.14 	 	 1.05 	 	 -0.79 
NaN 	 NaN 	 0.00 	 	 0.00 	 	 0.00 
204 	 156 	 2.62 	 	 -1.05 	 	 -0.52 
NaN 	 NaN 	 0.00 	 	 0.00 	 	 0.00 
 52 	 172 	 -2.36 	 	 1.57 	 	 0.00 
270 	 179 	 3.14 	 	 -1.05 	 	 0.79 
 81 	 180 	 3.14 	 	 -1.57 	 	 0.79 
257 	 184 	 2.36 	 	 -1.05 	 	 0.79 
 67 	 186 	 -2.36 	 	 1.57 	 	 0.00 
264 	 190 	 3.14 	 	 -1.57 	 	 0.79 
269 	 200 	 3.14 	 	 2.09 	 	 -0.79 
NaN 	 NaN 	 0.00 	 	 0.00 	 	 0.00 
NaN 	 NaN 	 0.00 	 	 0.00 	 	 0.00 
132 	 237 	 2.36 	 	 -2.36 	 	 0.00 
111 	 243 	 3.14 	 	 0.79 	 	 -0.79 
106 	 249 	 -2.36 	 	 1.57 	 	 0.00 
242 	 250 	 2.36 	 	 -1.57 	 	 0.00 
 72 	 254 	 -2.62 	 	 1.05 	 	 -0.79 
253 	 258 	 2.36 	 	 -2.62 	 	 0.00 
245 	 260 	 2.36 	 	 -1.57 	 	 0.52 
144 	 267 	 3.14 	 	 -1.57 	 	 0.79 
122 	 269 	 3.14 	 	 -1.57 	 	 1.05 
102 	 276 	 -2.62 	 	 1.57 	 	 0.00 
210 	 280 	 -2.62 	 	 1.05 	 	 -0.79 
190 	 282 	 -2.62 	 	 0.79 	 	 -0.79 
224 	 282 	 -2.62 	 	 2.09 	 	 -0.79 
149 	 283 	 -2.36 	 	 1.57 	 	 0.00 
