------------------------------------------------------------------- 
Name: 102 
Date: 2018-04-19 
Number of Terminations: 92 
Number of Bifurcations: 37 
------------------------------------------------------------------- 
------------------------------------------------------------------- 
Terminations : 
------------------------------------------------------------------- 
X          Y     Angle 
164 	  16 	 1.57 
243 	  18 	 -0.79 
188 	  32 	 2.62 
196 	  33 	 0.00 
 71 	  37 	 0.00 
142 	  43 	 -0.52 
136 	  45 	 -2.36 
193 	  51 	 0.00 
 67 	  57 	 0.79 
177 	  57 	 0.00 
158 	  58 	 -1.57 
214 	  61 	 1.57 
220 	  63 	 -0.79 
154 	  68 	 3.14 
244 	  69 	 2.09 
168 	  72 	 2.62 
256 	  72 	 0.52 
203 	  76 	 2.62 
 68 	  77 	 1.05 
 99 	  77 	 -2.62 
242 	  77 	 -0.79 
235 	  79 	 2.09 
226 	  80 	 2.62 
176 	  81 	 0.00 
210 	  81 	 -0.52 
164 	  83 	 3.14 
129 	  84 	 3.14 
NaN 	 NaN 	 NaN 
154 	  94 	 0.00 
262 	  95 	 0.79 
148 	  96 	 3.14 
171 	  96 	 3.14 
 59 	 104 	 1.57 
159 	 105 	 -2.62 
256 	 105 	 -0.52 
137 	 112 	 0.52 
NaN 	 NaN 	 NaN 
172 	 117 	 2.62 
195 	 123 	 -0.52 
213 	 125 	 1.57 
217 	 131 	 -1.05 
 53 	 136 	 1.05 
174 	 140 	 2.62 
221 	 140 	 2.36 
235 	 145 	 2.09 
224 	 147 	 -1.57 
199 	 149 	 1.05 
 51 	 151 	 0.79 
124 	 151 	 1.05 
232 	 152 	 -0.79 
243 	 152 	 -1.57 
 40 	 153 	 2.36 
203 	 155 	 -2.09 
141 	 157 	 0.79 
109 	 162 	 0.79 
163 	 164 	 0.52 
 51 	 165 	 1.05 
205 	 166 	 2.09 
102 	 168 	 -2.09 
192 	 170 	 -1.57 
NaN 	 NaN 	 NaN 
184 	 178 	 1.57 
213 	 178 	 -1.57 
230 	 181 	 -1.05 
259 	 181 	 -1.57 
222 	 182 	 -1.57 
246 	 182 	 -1.57 
176 	 183 	 -2.62 
183 	 184 	 -2.36 
136 	 185 	 -2.09 
213 	 185 	 1.57 
213 	 191 	 -1.57 
110 	 197 	 -2.36 
 49 	 199 	 1.05 
204 	 202 	 1.57 
171 	 203 	 3.14 
190 	 208 	 -2.09 
203 	 208 	 -2.09 
110 	 212 	 -1.05 
116 	 212 	 1.57 
227 	 212 	 1.57 
226 	 219 	 -2.09 
 87 	 229 	 -2.36 
141 	 233 	 -2.36 
226 	 236 	 -2.09 
240 	 238 	 -1.57 
195 	 246 	 0.52 
210 	 267 	 0.52 
204 	 268 	 -2.36 
196 	 271 	 0.52 
190 	 272 	 2.62 
170 	 279 	 -1.05 
------------------------------------------------------------------- 
Bifurcations : 
------------------------------------------------------------------- 
X          Y     Angle 1     Angle 2    Angle 3 
NaN 	 NaN 	 NaN 	 	 NaN 	 	 NaN 
NaN 	 NaN 	 NaN 	 	 NaN 	 	 0.00 
  0 	   0 	 0.00 	 	 0.00 	 	 NaN 
NaN 	   0 	 0.00 	 	 0.00 	 	 0.00 
  0 	 NaN 	 NaN 	 	 0.00 	 	 0.00 
  0 	   0 	 0.00 	 	 NaN 	 	 NaN 
  0 	   0 	 0.00 	 	 0.00 	 	 0.00 
 82 	  46 	 -2.36 	 	 1.57 	 	 0.00 
  0 	   0 	 NaN 	 	 NaN 	 	 0.00 
  0 	   0 	 0.00 	 	 0.00 	 	 94.00 
 53 	  -2 	 2.09 	 	 0.52 	 	 0.00 
  0 	 NaN 	 NaN 	 	 0.00 	 	 0.00 
  0 	   0 	 0.00 	 	 73.00 	 	 67.00 
  2 	  -2 	 0.52 	 	 0.00 	 	 0.00 
269 	  74 	 -2.62 	 	 -2.09 	 	 0.00 
  0 	   0 	 144.00 	 	 86.00 	 	 -2.62 
  2 	   1 	 0.00 	 	 0.00 	 	 129.00 
104 	  -3 	 1.05 	 	 0.00 	 	 0.00 
  0 	  63 	 138.00 	 	 -2.36 	 	 1.57 
  0 	   0 	 0.00 	 	 NaN 	 	 NaN 
  0 	   0 	 0.00 	 	 0.00 	 	 0.00 
136 	 205 	 -2.62 	 	 2.09 	 	 0.00 
  0 	   0 	 43.00 	 	 207.00 	 	 -2.62 
  1 	   0 	 0.00 	 	 0.00 	 	 51.00 
210 	   3 	 -1.57 	 	 0.52 	 	 0.00 
  0 	 NaN 	 NaN 	 	 0.00 	 	 0.00 
  0 	   0 	 0.00 	 	 40.00 	 	 224.00 
  3 	  -1 	 0.52 	 	 0.00 	 	 0.00 
NaN 	 NaN 	 0.00 	 	 0.00 	 	 0.00 
  0 	   0 	 254.00 	 	 230.00 	 	 3.14 
 -2 	  -1 	 0.00 	 	 0.00 	 	 52.00 
234 	  -2 	 1.57 	 	 0.52 	 	 0.00 
  0 	  45 	 236.00 	 	 -2.36 	 	 1.57 
  0 	   0 	 0.00 	 	 75.00 	 	 241.00 
  3 	   1 	 -0.79 	 	 0.00 	 	 0.00 
 43 	 244 	 -2.62 	 	 1.57 	 	 0.00 
  0 	   0 	 NaN 	 	 NaN 	 	 0.00 
  0 	   0 	 0.00 	 	 0.00 	 	 131.00 
248 	  -2 	 1.57 	 	 0.00 	 	 0.00 
  0 	 240 	 250.00 	 	 -2.36 	 	 2.09 
 -1 	   0 	 0.00 	 	 149.00 	 	 251.00 
 -3 	   2 	 0.00 	 	 0.00 	 	 0.00 
252 	 251 	 3.14 	 	 2.09 	 	 -0.52 
  0 	   0 	 NaN 	 	 NaN 	 	 0.00 
  0 	   0 	 0.00 	 	 0.00 	 	 85.00 
257 	  -3 	 1.57 	 	 0.00 	 	 0.00 
  0 	  67 	 260.00 	 	 2.09 	 	 -2.09 
  1 	   0 	 0.00 	 	 92.00 	 	 263.00 
  2 	  -2 	 0.79 	 	 0.00 	 	 0.00 
NaN 	 NaN 	 0.00 	 	 0.00 	 	 0.00 
  0 	   0 	 192.00 	 	 283.00 	 	 3.14 
 -2 	   1 	 0.00 	 	 0.00 	 	 