------------------------------------------------------------------- 
Name: 103 
Date: 2018-04-19 
Number of Terminations: 64 
Number of Bifurcations: 40 
------------------------------------------------------------------- 
------------------------------------------------------------------- 
Terminations : 
------------------------------------------------------------------- 
X          Y     Angle 
222 	  22 	 3.14 
146 	  25 	 -2.62 
152 	  26 	 0.00 
186 	  27 	 2.62 
193 	  30 	 -0.52 
178 	  33 	 -0.52 
138 	  34 	 0.00 
260 	  35 	 -0.52 
130 	  39 	 3.14 
202 	  43 	 -1.05 
262 	  43 	 0.52 
NaN 	 NaN 	 NaN 
140 	  49 	 -0.52 
134 	  51 	 2.62 
260 	  58 	 2.09 
136 	  64 	 -0.52 
 97 	  67 	 -2.62 
218 	  69 	 -0.52 
 62 	  78 	 1.05 
NaN 	 NaN 	 NaN 
180 	  95 	 2.36 
 55 	 100 	 1.05 
275 	 110 	 0.00 
145 	 117 	 3.14 
NaN 	 NaN 	 NaN 
 52 	 119 	 1.57 
NaN 	 NaN 	 NaN 
184 	 122 	 2.62 
179 	 127 	 -1.05 
 49 	 133 	 1.05 
135 	 136 	 -2.62 
182 	 136 	 1.57 
231 	 136 	 2.36 
115 	 139 	 0.79 
NaN 	 NaN 	 NaN 
165 	 144 	 -2.09 
216 	 145 	 -1.05 
 40 	 148 	 2.36 
185 	 148 	 -1.05 
 46 	 155 	 1.05 
 89 	 160 	 -1.05 
NaN 	 NaN 	 NaN 
 44 	 175 	 0.79 
149 	 180 	 -2.62 
168 	 181 	 -1.57 
253 	 182 	 2.09 
217 	 190 	 -1.57 
244 	 190 	 1.57 
 46 	 193 	 1.57 
218 	 197 	 2.09 
250 	 200 	 -1.05 
205 	 202 	 -1.57 
218 	 203 	 -1.57 
242 	 205 	 2.09 
245 	 212 	 -1.57 
125 	 215 	 -2.09 
NaN 	 NaN 	 NaN 
 72 	 220 	 -2.36 
238 	 220 	 2.09 
241 	 227 	 -0.79 
227 	 233 	 1.57 
212 	 235 	 1.05 
175 	 238 	 0.79 
140 	 253 	 0.52 
------------------------------------------------------------------- 
Bifurcations : 
------------------------------------------------------------------- 
X          Y     Angle 1     Angle 2    Angle 3 
155 	  16 	 3.14 	 	 NaN 	 	 -0.79 
105 	  17 	 -2.62 	 	 NaN 	 	 -0.79 
101 	  23 	 3.14 	 	 NaN 	 	 -0.52 
113 	  31 	 -2.62 	 	 2.09 	 	 0.00 
NaN 	 NaN 	 0.00 	 	 0.00 	 	 0.00 
 74 	  51 	 2.36 	 	 -2.36 	 	 0.52 
NaN 	 NaN 	 0.00 	 	 0.00 	 	 0.00 
246 	  52 	 2.62 	 	 0.79 	 	 -0.79 
NaN 	 NaN 	 0.00 	 	 0.00 	 	 0.00 
NaN 	 NaN 	 0.00 	 	 0.00 	 	 0.00 
NaN 	 NaN 	 0.00 	 	 0.00 	 	 0.00 
269 	 101 	 2.09 	 	 -2.09 	 	 0.00 
156 	 103 	 3.14 	 	 1.57 	 	 -0.79 
NaN 	 NaN 	 0.00 	 	 0.00 	 	 0.00 
 98 	 115 	 3.14 	 	 -1.57 	 	 1.05 
268 	 130 	 3.14 	 	 1.05 	 	 -0.79 
 66 	 136 	 3.14 	 	 -1.05 	 	 0.79 
NaN 	 NaN 	 0.00 	 	 0.00 	 	 0.00 
172 	 171 	 -2.36 	 	 1.57 	 	 -1.05 
270 	 172 	 3.14 	 	 -1.57 	 	 0.79 
141 	 184 	 3.14 	 	 -1.05 	 	 0.52 
269 	 185 	 2.36 	 	 -2.09 	 	 0.00 
116 	 188 	 2.09 	 	 -2.09 	 	 0.00 
136 	 188 	 -2.62 	 	 1.05 	 	 -0.52 
267 	 197 	 3.14 	 	 1.57 	 	 -1.05 
261 	 206 	 2.62 	 	 2.09 	 	 -0.79 
266 	 212 	 3.14 	 	 2.09 	 	 0.00 
 50 	 229 	 2.09 	 	 -2.09 	 	 0.00 
117 	 231 	 -2.36 	 	 2.09 	 	 -0.52 
134 	 233 	 -2.62 	 	 2.09 	 	 0.00 
 72 	 235 	 -2.62 	 	 1.05 	 	 -0.52 
NaN 	 NaN 	 0.00 	 	 0.00 	 	 0.00 
208 	 241 	 3.14 	 	 -2.09 	 	 -0.52 
202 	 244 	 -2.36 	 	 1.05 	 	 0.00 
238 	 246 	 3.14 	 	 1.57 	 	 -1.05 
158 	 262 	 -2.62 	 	 -1.05 	 	 0.52 
136 	 266 	 3.14 	 	 1.05 	 	 -0.79 
160 	 270 	 -2.62 	 	 1.57 	 	 0.52 
157 	 281 	 3.14 	 	 -1.57 	 	 0.00 
145 	 285 	 2.36 	 	 -2.09 	 	 0.00 
