------------------------------------------------------------------- 
Name: 104 
Date: 2018-04-19 
Number of Terminations: 81 
Number of Bifurcations: 28 
------------------------------------------------------------------- 
------------------------------------------------------------------- 
Terminations : 
------------------------------------------------------------------- 
X          Y     Angle 
169 	  12 	 -2.62 
175 	  14 	 0.79 
248 	  21 	 0.52 
157 	  24 	 0.00 
 67 	  28 	 2.62 
254 	  28 	 0.79 
134 	  30 	 3.14 
161 	  33 	 -2.62 
168 	  33 	 0.00 
258 	  35 	 0.00 
224 	  36 	 2.36 
NaN 	 NaN 	 NaN 
227 	  49 	 2.09 
163 	  50 	 -2.62 
169 	  51 	 0.00 
210 	  53 	 0.00 
NaN 	 NaN 	 NaN 
191 	  56 	 2.09 
NaN 	 NaN 	 NaN 
155 	  60 	 0.52 
137 	  66 	 -2.36 
246 	  70 	 2.36 
206 	  73 	 2.36 
149 	  75 	 -2.62 
134 	  76 	 3.14 
212 	  77 	 -0.52 
159 	  84 	 0.00 
252 	  86 	 2.62 
141 	  88 	 -2.62 
 60 	  89 	 1.05 
155 	  90 	 0.00 
241 	  90 	 -0.52 
NaN 	 NaN 	 NaN 
 84 	  95 	 -2.62 
113 	  95 	 -2.62 
141 	  99 	 -2.62 
252 	  99 	 2.62 
 57 	 103 	 1.05 
248 	 110 	 2.09 
253 	 114 	 -1.05 
214 	 115 	 2.62 
219 	 119 	 -1.05 
 53 	 120 	 1.05 
208 	 124 	 -1.05 
249 	 125 	 2.09 
227 	 133 	 2.09 
236 	 138 	 -1.05 
167 	 140 	 3.14 
NaN 	 NaN 	 NaN 
 48 	 142 	 1.05 
119 	 161 	 1.05 
156 	 161 	 -2.62 
 46 	 165 	 1.57 
137 	 165 	 1.05 
160 	 167 	 1.05 
190 	 167 	 -1.57 
NaN 	 NaN 	 NaN 
261 	 168 	 -0.52 
212 	 170 	 -1.57 
222 	 173 	 -1.57 
183 	 176 	 2.09 
 48 	 179 	 1.05 
175 	 183 	 -2.62 
182 	 183 	 -1.57 
259 	 183 	 0.79 
 48 	 196 	 1.05 
207 	 196 	 1.57 
 44 	 201 	 -1.57 
176 	 202 	 -2.62 
206 	 203 	 -1.57 
195 	 204 	 -2.09 
250 	 207 	 1.05 
122 	 222 	 2.09 
235 	 224 	 -1.57 
150 	 239 	 -2.36 
206 	 241 	 0.79 
NaN 	 NaN 	 NaN 
 97 	 245 	 -2.09 
244 	 252 	 0.00 
225 	 259 	 0.52 
218 	 263 	 -2.62 
------------------------------------------------------------------- 
Bifurcations : 
------------------------------------------------------------------- 
X          Y     Angle 1     Angle 2    Angle 3 
156 	  13 	 -2.62 	 	 NaN 	 	 0.00 
NaN 	 NaN 	 0.00 	 	 NaN 	 	 0.00 
 74 	  54 	 -2.36 	 	 NaN 	 	 0.52 
NaN 	 NaN 	 0.00 	 	 NaN 	 	 0.00 
 71 	  67 	 2.36 	 	 NaN 	 	 0.52 
NaN 	 NaN 	 0.00 	 	 0.00 	 	 0.00 
 66 	  81 	 2.36 	 	 -2.36 	 	 0.79 
NaN 	 NaN 	 0.00 	 	 0.00 	 	 0.00 
NaN 	 NaN 	 0.00 	 	 0.00 	 	 0.00 
NaN 	 NaN 	 0.00 	 	 0.00 	 	 0.00 
NaN 	 NaN 	 0.00 	 	 0.00 	 	 0.00 
NaN 	 NaN 	 0.00 	 	 0.00 	 	 0.00 
 59 	 162 	 -2.36 	 	 2.09 	 	 0.00 
 86 	 165 	 2.62 	 	 -1.05 	 	 0.79 
 72 	 174 	 -2.09 	 	 1.57 	 	 0.00 
NaN 	 NaN 	 0.00 	 	 0.00 	 	 0.00 
NaN 	 NaN 	 0.00 	 	 0.00 	 	 0.00 
263 	 192 	 3.14 	 	 -1.05 	 	 0.79 
198 	 193 	 -2.09 	 	 1.57 	 	 -1.05 
141 	 212 	 2.36 	 	 -2.36 	 	 0.00 
254 	 230 	 2.36 	 	 -2.09 	 	 0.00 
 71 	 238 	 -2.36 	 	 1.57 	 	 0.00 
 78 	 241 	 2.36 	 	 -1.57 	 	 0.00 
160 	 256 	 -2.62 	 	 1.57 	 	 0.52 
NaN 	 NaN 	 0.00 	 	 0.00 	 	 0.00 
NaN 	 NaN 	 0.00 	 	 0.00 	 	 0.00 
209 	 278 	 3.14 	 	 -1.57 	 	 0.52 
150 	 283 	 -2.36 	 	 1.05 	 	 -0.52 
