------------------------------------------------------------------- 
Name: 105 
Date: 2018-04-19 
Number of Terminations: 46 
Number of Bifurcations: 76 
------------------------------------------------------------------- 
------------------------------------------------------------------- 
Terminations : 
------------------------------------------------------------------- 
X          Y     Angle 
156 	  20 	 264.00 
 28 	 266 	 68.00 
204 	  69 	 272.00 
 70 	 274 	 76.00 
 66 	  80 	 206.00 
 87 	  92 	 93.00 
 88 	  99 	 61.00 
103 	 165 	 115.00 
138 	 121 	 59.00 
123 	 135 	 129.00 
276 	 129 	 170.00 
132 	 200 	 135.00 
182 	 137 	 116.00 
139 	 159 	 139.00 
168 	 141 	 41.00 
150 	 191 	 151.00 
109 	 153 	 212.00 
162 	  56 	 167.00 
209 	 173 	 60.00 
176 	 208 	 181.00 
 57 	 182 	 237.00 
185 	  95 	 188.00 
212 	 189 	 219.00 
189 	 243 	 189.00 
 54 	 200 	 242.00 
205 	  43 	 210.00 
 54 	 211 	 156.00 
224 	 126 	 229.00 
159 	 233 	 46.00 
241 	 120 	 254.00 
125 	 268 	 ------------------------------------------------------------------- 
Bifurcations : 
------------------------------------------------------------------- 
X          Y     Angle 1     Angle 2    Angle 3 
182 	  13 	 203.00 	 	 13.00 	 	 175.00 
 14 	 118 	 23.00 	 	 114.00 	 	 29.00 
 85 	  32 	 237.00 	 	 32.00 	 	 119.00 
 35 	 218 	 35.00 	 	 80.00 	 	 38.00 
136 	  39 	 237.00 	 	 39.00 	 	 80.00 
 45 	 162 	 48.00 	 	 226.00 	 	 50.00 
214 	  57 	 176.00 	 	 60.00 	 	 220.00 
 60 	 178 	 66.00 	 	 254.00 	 	 66.00 
170 	  71 	 164.00 	 	 76.00 	 	 90.00 
 80 	 170 	 83.00 	 	 198.00 	 	 86.00 
164 	  88 	 220.00 	 	 89.00 	 	 197.00 
 97 	 186 	 101.00 	 	 180.00 	 	 105.00 
165 	 109 	 204.00 	 	 110.00 	 	 173.00 
114 	 171 	 120.00 	 	 198.00 	 	 125.00 
232 	 125 	 127.00 	 	 130.00 	 	 268.00 
135 	 114 	 149.00 	 	 211.00 	 	 149.00 
235 	 149 	 263.00 	 	 149.00 	 	 273.00 
159 	 179 	 172.00 	 	 276.00 	 	 174.00 
150 	 178 	 256.00 	 	 180.00 	 	 250.00 
182 	 189 	 187.00 	 	 161.00 	 	 188.00 
268 	 192 	 152.00 	 	 196.00 	 	 268.00 
201 	 214 	 210.00 	 	 148.00 	 	 235.00 
 72 	 238 	 77.00 	 	 243.00 	 	 68.00 
253 	  43 	 254.00 	 	 93.00 	 	 255.00 
137 	 258 	 262.00 	 	 261.00 	 	 87.00 
267 	  97 	 267.00 	 	 116.00 	 	 267.00 
158 	 267 	 227.00 	 	 269.00 	 	 247.00 
269 	 177 	 270.00 	 	 110.00 	 	 271.00 
103 	 274 	 126.00 	 	 274.00 	 	 199.00 
274 	 119 	 279.00 	 	 222.00 	 	 279.00 
216 	 283 	 