------------------------------------------------------------------- 
Name: 108 
Date: 2018-04-19 
Number of Terminations: 46 
Number of Bifurcations: 76 
------------------------------------------------------------------- 
------------------------------------------------------------------- 
Terminations : 
------------------------------------------------------------------- 
X          Y     Angle 
125 	  13 	 227.00 
 13 	 219 	 17.00 
180 	  18 	 186.00 
 18 	  94 	 21.00 
 69 	  28 	 265.00 
 35 	  86 	 36.00 
 78 	  47 	 236.00 
 52 	  78 	 54.00 
167 	  54 	 263.00 
 57 	  69 	 63.00 
246 	  66 	 160.00 
 68 	 257 	 70.00 
242 	  74 	 158.00 
 81 	 104 	 82.00 
 61 	  89 	 139.00 
 90 	 153 	 96.00 
 57 	 104 	 166.00 
107 	 109 	 109.00 
153 	 110 	 190.00 
114 	 146 	 115.00 
208 	 115 	 53.00 
121 	  52 	 138.00 
148 	 148 	 50.00 
158 	  48 	 179.00 
 47 	 195 	 48.00 
209 	  50 	 226.00 
167 	 226 	 108.00 
228 	 164 	 233.00 
176 	 235 	 225.00 
236 	 247 	 249.00 
184 	 251 	 ------------------------------------------------------------------- 
Bifurcations : 
------------------------------------------------------------------- 
X          Y     Angle 1     Angle 2    Angle 3 
167 	  35 	 169.00 	 	 41.00 	 	 209.00 
 44 	  89 	 46.00 	 	 93.00 	 	 51.00 
 76 	  66 	 164.00 	 	 76.00 	 	 254.00 
 91 	 260 	 95.00 	 	 250.00 	 	 97.00 
256 	 101 	 130.00 	 	 107.00 	 	 250.00 
107 	 138 	 112.00 	 	 272.00 	 	 116.00 
105 	 119 	 154.00 	 	 123.00 	 	 101.00 
124 	 259 	 125.00 	 	 112.00 	 	 126.00 
254 	 130 	 119.00 	 	 131.00 	 	 176.00 
133 	 170 	 135.00 	 	 158.00 	 	 141.00 
216 	 144 	 125.00 	 	 149.00 	 	 161.00 
150 	 107 	 151.00 	 	 268.00 	 	 157.00 
 98 	 162 	 271.00 	 	 163.00 	 	 193.00 
164 	 201 	 164.00 	 	 209.00 	 	 167.00 
128 	 170 	 81.00 	 	 171.00 	 	 215.00 
171 	 159 	 173.00 	 	 189.00 	 	 174.00 
174 	 176 	 168.00 	 	 178.00 	 	 128.00 
181 	 188 	 184.00 	 	 182.00 	 	 185.00 
142 	 187 	 175.00 	 	 189.00 	 	 144.00 
196 	 262 	 199.00 	 	 182.00 	 	 200.00 
175 	 205 	 160.00 	 	 209.00 	 	 170.00 
211 	 204 	 211.00 	 	 157.00 	 	 215.00 
164 	 219 	 251.00 	 	 223.00 	 	 119.00 
226 	 255 	 228.00 	 	 207.00 	 	 236.00 
231 	 236 	 217.00 	 	 240.00 	 	 68.00 
244 	  75 	 246.00 	 	 56.00 	 	 247.00 
 97 	 247 	 206.00 	 	 251.00 	 	 74.00 
252 	  48 	 253.00 	 	 252.00 	 	 259.00 
142 	 262 	 170.00 	 	 270.00 	 	 179.00 
270 	 146 	 271.00 	 	 159.00 	 	 282.00 
190 	 283 	 