------------------------------------------------------------------- 
Name: 113 
Date: 2018-04-19 
Number of Terminations: 89 
Number of Bifurcations: 37 
------------------------------------------------------------------- 
------------------------------------------------------------------- 
Terminations : 
------------------------------------------------------------------- 
X          Y     Angle 
 67 	  27 	 -1.57 
 78 	  28 	 1.57 
NaN 	 NaN 	 NaN 
 76 	  36 	 -2.36 
160 	  38 	 3.14 
 69 	  41 	 0.00 
151 	  42 	 0.00 
141 	  46 	 -2.62 
 81 	  49 	 0.52 
NaN 	 NaN 	 NaN 
NaN 	 NaN 	 NaN 
205 	  52 	 1.57 
211 	  52 	 0.00 
226 	  54 	 2.62 
 81 	  60 	 0.79 
117 	  60 	 0.79 
109 	  65 	 -2.62 
247 	  67 	 2.36 
125 	  75 	 0.79 
249 	  77 	 2.62 
120 	  79 	 -2.36 
253 	  83 	 -1.05 
 68 	  84 	 0.79 
128 	  84 	 0.00 
NaN 	 NaN 	 NaN 
202 	  90 	 0.00 
 73 	  91 	 0.52 
103 	  92 	 0.79 
116 	  93 	 -2.36 
159 	  94 	 -2.36 
 98 	  97 	 -2.36 
 77 	  98 	 -2.36 
119 	 101 	 0.52 
 81 	 105 	 0.79 
230 	 106 	 3.14 
236 	 108 	 -0.52 
 76 	 109 	 -2.09 
NaN 	 NaN 	 NaN 
248 	 112 	 2.62 
 63 	 113 	 1.05 
NaN 	 NaN 	 NaN 
206 	 120 	 -2.62 
216 	 122 	 0.00 
 47 	 125 	 3.14 
159 	 125 	 -0.52 
 89 	 126 	 1.05 
252 	 128 	 2.36 
 99 	 129 	 0.79 
 84 	 132 	 -2.09 
 94 	 135 	 -2.36 
178 	 135 	 0.00 
130 	 138 	 -2.36 
 53 	 140 	 0.79 
187 	 142 	 0.52 
257 	 148 	 2.09 
162 	 156 	 -2.62 
110 	 159 	 1.05 
 51 	 160 	 1.57 
105 	 165 	 -2.09 
260 	 170 	 -0.52 
217 	 177 	 2.62 
109 	 178 	 1.05 
223 	 179 	 -1.05 
 47 	 181 	 0.79 
105 	 183 	 -2.09 
227 	 186 	 1.57 
161 	 198 	 -2.09 
129 	 200 	 2.09 
124 	 204 	 -2.36 
103 	 205 	 -2.09 
132 	 207 	 -2.36 
NaN 	 NaN 	 NaN 
200 	 213 	 3.14 
207 	 213 	 0.00 
190 	 216 	 0.52 
 86 	 217 	 1.05 
184 	 220 	 -1.57 
112 	 222 	 1.05 
206 	 222 	 -0.52 
 81 	 223 	 -1.05 
 88 	 228 	 1.05 
108 	 228 	 -2.36 
154 	 236 	 0.79 
208 	 241 	 -1.57 
200 	 242 	 -1.57 
119 	 253 	 0.79 
113 	 258 	 -2.62 
156 	 265 	 0.79 
150 	 267 	 -2.62 
------------------------------------------------------------------- 
Bifurcations : 
------------------------------------------------------------------- 
X          Y     Angle 1     Angle 2    Angle 3 
163 	  17 	 2.36 	 	 NaN 	 	 NaN 
NaN 	 NaN 	 0.00 	 	 NaN 	 	 0.00 
NaN 	 NaN 	 0.00 	 	 0.00 	 	 0.00 
 87 	  22 	 3.14 	 	 -2.09 	 	 0.79 
NaN 	 NaN 	 0.00 	 	 0.00 	 	 0.00 
244 	  29 	 2.36 	 	 0.79 	 	 -0.79 
184 	  30 	 -2.62 	 	 1.57 	 	 -0.52 
114 	  32 	 2.09 	 	 -1.57 	 	 0.00 
251 	  40 	 3.14 	 	 2.09 	 	 -0.79 
NaN 	 NaN 	 0.00 	 	 0.00 	 	 0.00 
NaN 	 NaN 	 0.00 	 	 0.00 	 	 0.00 
270 	 101 	 3.14 	 	 1.57 	 	 -0.52 
267 	 134 	 2.62 	 	 2.09 	 	 0.00 
234 	 155 	 2.36 	 	 -1.05 	 	 -0.79 
NaN 	 NaN 	 0.00 	 	 0.00 	 	 0.00 
261 	 178 	 2.62 	 	 -1.57 	 	 0.79 
NaN 	 NaN 	 0.00 	 	 0.00 	 	 0.00 
139 	 184 	 3.14 	 	 -2.36 	 	 1.05 
260 	 187 	 2.09 	 	 -1.57 	 	 0.00 
269 	 187 	 3.14 	 	 -1.57 	 	 1.05 
257 	 198 	 2.36 	 	 0.79 	 	 -0.79 
268 	 202 	 3.14 	 	 1.57 	 	 -1.05 
248 	 224 	 2.36 	 	 -1.05 	 	 0.79 
NaN 	 NaN 	 0.00 	 	 0.00 	 	 0.00 
212 	 231 	 3.14 	 	 1.05 	 	 -0.79 
218 	 238 	 2.36 	 	 3.14 	 	 -1.05 
NaN 	 NaN 	 0.00 	 	 0.00 	 	 0.00 
110 	 246 	 -2.36 	 	 1.57 	 	 0.52 
183 	 253 	 3.14 	 	 1.05 	 	 -0.52 
 66 	 256 	 -2.09 	 	 1.57 	 	 0.00 
142 	 257 	 -2.36 	 	 1.05 	 	 0.00 
NaN 	 NaN 	 0.00 	 	 0.00 	 	 0.00 
214 	 275 	 2.36 	 	 -1.57 	 	 0.52 
154 	 276 	 3.14 	 	 -1.05 	 	 0.79 
144 	 280 	 3.14 	 	 -1.05 	 	 0.79 
175 	 282 	 3.14 	 	 -1.05 	 	 0.52 
186 	 282 	 2.62 	 	 -2.09 	 	 -0.52 
