------------------------------------------------------------------- 
Name: 114 
Date: 2018-04-19 
Number of Terminations: 75 
Number of Bifurcations: 38 
------------------------------------------------------------------- 
------------------------------------------------------------------- 
Terminations : 
------------------------------------------------------------------- 
X          Y     Angle 
170 	  13 	 1.05 
223 	  26 	 2.62 
 61 	  30 	 3.14 
135 	  33 	 -2.62 
116 	  40 	 3.14 
 69 	  41 	 1.57 
195 	  43 	 3.14 
203 	  48 	 0.00 
 92 	  51 	 0.52 
197 	  53 	 2.62 
 84 	  56 	 3.14 
 76 	  61 	 0.79 
165 	  68 	 3.14 
159 	  69 	 0.52 
 73 	  74 	 0.52 
101 	  77 	 0.52 
 95 	  81 	 3.14 
200 	  81 	 -0.52 
 75 	  83 	 0.52 
227 	  84 	 2.62 
235 	  88 	 -0.79 
217 	  89 	 2.36 
 92 	  92 	 0.52 
222 	  93 	 -0.52 
125 	 102 	 0.52 
251 	 102 	 2.09 
199 	 103 	 -2.62 
120 	 106 	 -2.62 
205 	 107 	 0.00 
257 	 109 	 -0.79 
236 	 116 	 2.09 
167 	 117 	 2.62 
242 	 118 	 -0.79 
127 	 119 	 0.00 
 69 	 120 	 0.79 
147 	 129 	 0.00 
 99 	 130 	 -2.62 
208 	 131 	 2.36 
213 	 136 	 -0.52 
NaN 	 NaN 	 NaN 
144 	 141 	 3.14 
 97 	 142 	 0.79 
107 	 143 	 0.79 
 79 	 148 	 1.05 
 92 	 148 	 -2.36 
103 	 149 	 -2.36 
148 	 149 	 3.14 
 74 	 155 	 -2.09 
 48 	 158 	 0.79 
124 	 165 	 0.79 
 77 	 167 	 1.05 
 73 	 173 	 -2.36 
 47 	 175 	 0.79 
153 	 175 	 -0.52 
NaN 	 NaN 	 NaN 
183 	 185 	 2.36 
NaN 	 NaN 	 NaN 
200 	 188 	 -0.52 
 73 	 189 	 1.57 
236 	 191 	 -1.57 
188 	 192 	 -0.52 
 69 	 194 	 -2.09 
167 	 196 	 3.14 
NaN 	 NaN 	 NaN 
164 	 204 	 -2.36 
154 	 208 	 0.52 
133 	 212 	 -2.36 
148 	 212 	 -2.09 
114 	 220 	 1.05 
110 	 226 	 -2.09 
117 	 227 	 1.05 
169 	 232 	 -1.05 
162 	 234 	 -1.57 
167 	 270 	 2.09 
139 	 275 	 -0.79 
------------------------------------------------------------------- 
Bifurcations : 
------------------------------------------------------------------- 
X          Y     Angle 1     Angle 2    Angle 3 
235 	  18 	 2.62 	 	 NaN 	 	 0.79 
196 	  21 	 -2.62 	 	 NaN 	 	 -0.79 
106 	  26 	 -2.36 	 	 1.57 	 	 0.00 
181 	  29 	 3.14 	 	 1.57 	 	 -0.52 
NaN 	 NaN 	 0.00 	 	 0.00 	 	 0.00 
NaN 	 NaN 	 0.00 	 	 0.00 	 	 0.00 
 85 	  39 	 -2.36 	 	 1.05 	 	 -0.52 
 95 	  40 	 -2.62 	 	 1.57 	 	 0.00 
NaN 	 NaN 	 0.00 	 	 0.00 	 	 0.00 
261 	  74 	 3.14 	 	 1.05 	 	 -0.79 
267 	  81 	 -2.62 	 	 -2.09 	 	 0.00 
NaN 	 NaN 	 0.00 	 	 0.00 	 	 0.00 
264 	 115 	 2.36 	 	 -2.62 	 	 0.00 
118 	 120 	 -2.36 	 	 1.57 	 	 0.00 
153 	 168 	 3.14 	 	 -2.09 	 	 0.00 
118 	 172 	 2.09 	 	 -2.09 	 	 0.52 
NaN 	 NaN 	 0.00 	 	 0.00 	 	 0.00 
NaN 	 NaN 	 0.00 	 	 0.00 	 	 0.00 
264 	 191 	 3.14 	 	 1.05 	 	 -0.79 
NaN 	 NaN 	 0.00 	 	 0.00 	 	 0.00 
239 	 211 	 2.36 	 	 0.79 	 	 -0.79 
NaN 	 NaN 	 0.00 	 	 0.00 	 	 0.00 
247 	 222 	 2.36 	 	 -1.57 	 	 0.79 
174 	 224 	 -2.62 	 	 1.05 	 	 -0.79 
 46 	 231 	 -2.36 	 	 2.09 	 	 0.00 
 75 	 234 	 -2.62 	 	 1.57 	 	 0.00 
NaN 	 NaN 	 0.00 	 	 0.00 	 	 0.00 
238 	 248 	 2.36 	 	 -2.09 	 	 0.00 
 83 	 254 	 -2.62 	 	 1.05 	 	 -0.79 
185 	 265 	 2.36 	 	 3.14 	 	 -1.05 
NaN 	 NaN 	 0.00 	 	 0.00 	 	 0.00 
117 	 267 	 3.14 	 	 2.09 	 	 -2.09 
124 	 272 	 3.14 	 	 -1.57 	 	 0.52 
109 	 273 	 -2.62 	 	 1.05 	 	 0.52 
117 	 273 	 -2.36 	 	 1.57 	 	 0.00 
193 	 278 	 -2.36 	 	 2.09 	 	 0.00 
167 	 279 	 -2.36 	 	 2.09 	 	 -0.52 
209 	 279 	 2.36 	 	 -1.57 	 	 0.52 
