------------------------------------------------------------------- 
Name: 115 
Date: 2018-04-19 
Number of Terminations: 88 
Number of Bifurcations: 43 
------------------------------------------------------------------- 
------------------------------------------------------------------- 
Terminations : 
------------------------------------------------------------------- 
X          Y     Angle 
140 	  14 	 3.14 
NaN 	 NaN 	 NaN 
NaN 	 NaN 	 NaN 
158 	  24 	 3.14 
117 	  25 	 -2.62 
193 	  27 	 0.00 
254 	  28 	 -0.52 
148 	  29 	 0.52 
NaN 	 NaN 	 NaN 
138 	  32 	 -2.62 
219 	  33 	 2.62 
155 	  34 	 0.52 
148 	  35 	 -2.62 
228 	  37 	 0.00 
201 	  38 	 3.14 
207 	  40 	 0.00 
NaN 	 NaN 	 NaN 
224 	  43 	 2.62 
113 	  45 	 0.52 
107 	  49 	 -2.62 
248 	  49 	 -2.09 
 77 	  56 	 0.52 
196 	  59 	 0.00 
117 	  64 	 -2.62 
124 	  69 	 0.00 
 72 	  72 	 0.79 
250 	  73 	 1.57 
133 	  74 	 -2.62 
104 	  75 	 1.05 
 73 	  81 	 -2.36 
NaN 	 NaN 	 NaN 
 89 	  85 	 0.52 
115 	  86 	 0.79 
 66 	  89 	 1.05 
 86 	  91 	 -2.36 
225 	  94 	 3.14 
233 	  97 	 -0.52 
257 	  99 	 2.09 
 61 	 106 	 1.05 
210 	 109 	 -0.52 
 84 	 110 	 1.05 
257 	 110 	 2.62 
152 	 111 	 0.00 
 94 	 113 	 0.79 
 79 	 115 	 -2.36 
 88 	 118 	 -2.09 
NaN 	 NaN 	 NaN 
 57 	 127 	 1.05 
179 	 129 	 0.52 
171 	 132 	 3.14 
261 	 132 	 -1.05 
NaN 	 NaN 	 NaN 
131 	 137 	 0.52 
155 	 141 	 -2.62 
 55 	 144 	 1.05 
217 	 145 	 -1.05 
210 	 147 	 -2.62 
 99 	 149 	 -2.09 
215 	 157 	 -0.52 
102 	 162 	 0.79 
 98 	 167 	 -2.09 
 50 	 169 	 1.05 
219 	 171 	 2.36 
211 	 176 	 2.62 
216 	 183 	 -0.52 
 50 	 184 	 0.79 
116 	 188 	 -2.36 
193 	 188 	 2.62 
NaN 	 NaN 	 NaN 
160 	 206 	 -2.09 
 80 	 211 	 1.05 
NaN 	 NaN 	 NaN 
NaN 	 NaN 	 NaN 
NaN 	 NaN 	 NaN 
145 	 220 	 0.79 
137 	 221 	 -2.09 
198 	 226 	 -1.05 
191 	 227 	 -1.57 
159 	 232 	 0.52 
111 	 235 	 0.79 
153 	 235 	 -2.62 
183 	 238 	 1.05 
104 	 240 	 -2.62 
140 	 242 	 0.52 
197 	 264 	 2.09 
142 	 268 	 0.00 
136 	 270 	 -2.62 
171 	 272 	 -1.05 
------------------------------------------------------------------- 
Bifurcations : 
------------------------------------------------------------------- 
X          Y     Angle 1     Angle 2    Angle 3 
NaN 	 NaN 	 NaN 	 	 NaN 	 	 NaN 
NaN 	 NaN 	 NaN 	 	 0.00 	 	 NaN 
  0 	   0 	 NaN 	 	 NaN 	 	 0.00 
  0 	   0 	 0.00 	 	 NaN 	 	 NaN 
  0 	   0 	 0.00 	 	 0.00 	 	 102.00 
 24 	   2 	 -2.36 	 	 0.52 	 	 0.00 
NaN 	 NaN 	 0.00 	 	 0.00 	 	 0.00 
  0 	 244 	 54.00 	 	 2.62 	 	 0.79 
 -1 	   0 	 267.00 	 	 70.00 	 	 2.62 
 -2 	   0 	 0.00 	 	 273.00 	 	 103.00 
  3 	  -2 	 0.52 	 	 0.00 	 	 NaN 
NaN 	   0 	 0.00 	 	 0.00 	 	 0.00 
NaN 	 NaN 	 0.00 	 	 0.00 	 	 0.00 
  0 	 143 	 113.00 	 	 -2.62 	 	 2.09 
  1 	   0 	 NaN 	 	 NaN 	 	 0.00 
  0 	   0 	 0.00 	 	 260.00 	 	 145.00 
  2 	  -1 	 0.00 	 	 0.00 	 	 157.00 
150 	  -3 	 -1.57 	 	 0.79 	 	 0.00 
268 	 155 	 2.36 	 	 -2.62 	 	 0.00 
  0 	 180 	 160.00 	 	 3.14 	 	 -1.57 
  1 	   0 	 NaN 	 	 NaN 	 	 0.00 
  0 	   0 	 0.00 	 	 NaN 	 	 NaN 
  0 	   0 	 0.00 	 	 0.00 	 	 260.00 
174 	   3 	 1.57 	 	 0.00 	 	 0.00 
NaN 	 NaN 	 0.00 	 	 0.00 	 	 0.00 
  0 	 NaN 	 NaN 	 	 0.00 	 	 0.00 
  0 	   0 	 141.00 	 	 185.00 	 	 3.14 
 -2 	   1 	 0.00 	 	 NaN 	 	 NaN 
  0 	   0 	 0.00 	 	 0.00 	 	 265.00 
190 	   3 	 1.05 	 	 -1.05 	 	 0.00 
268 	 203 	 3.14 	 	 1.05 	 	 -0.79 
  0 	 203 	 217.00 	 	 3.14 	 	 1.57 
 -1 	   0 	 NaN 	 	 NaN 	 	 0.00 
  0 	   0 	 0.00 	 	 45.00 	 	 229.00 
  3 	  -1 	 0.79 	 	 0.00 	 	 101.00 
229 	  -2 	 1.57 	 	 0.00 	 	 0.00 
189 	 234 	 3.14 	 	 1.05 	 	 -1.05 
  0 	  48 	 236.00 	 	 -2.36 	 	 2.09 
  0 	   0 	 173.00 	 	 237.00 	 	 -2.62 
  1 	  -1 	 0.00 	 	 81.00 	 	 239.00 
 -2 	   2 	 -0.52 	 	 0.00 	 	 249.00 
249 	   2 	 -2.62 	 	 0.00 	 	 0.00 
 51 	 253 	 -2.62 	 	 1.05 	 	 0.00 
  0 	  44 	 254.00 	 	 -2.36 	 	 1.57 
  0 	   0 	 241.00 	 	 256.00 	 	 2.62 
  1 	  -1 	 0.00 	 	 84.00 	 	 262.00 
  3 	  -2 	 0.52 	 	 0.00 	 	 NaN 
NaN 	   0 	 0.00 	 	 0.00 	 	 0.00 
170 	 278 	 2.62 	 	 1.05 	 	 -0.79 
  0 	 NaN 	 NaN 	 	 0.00 	 	 0.00 
  0 	   0 	 182.00 	 	 285.00 	 	 -2.62 
  2 	  -1 	 0.00 	 	 