------------------------------------------------------------------- 
Name: 116 
Date: 2018-04-19 
Number of Terminations: 116 
Number of Bifurcations: 49 
------------------------------------------------------------------- 
------------------------------------------------------------------- 
Terminations : 
------------------------------------------------------------------- 
X          Y     Angle 
163 	  13 	 -1.57 
187 	  17 	 2.09 
142 	  25 	 -2.62 
NaN 	 NaN 	 NaN 
223 	  29 	 2.62 
 93 	  31 	 1.05 
 62 	  32 	 3.14 
140 	  34 	 -0.52 
123 	  35 	 -2.62 
 78 	  36 	 3.14 
 70 	  42 	 1.05 
233 	  42 	 2.62 
118 	  47 	 0.52 
150 	  50 	 3.14 
187 	  51 	 0.00 
180 	  52 	 -2.62 
140 	  54 	 0.00 
240 	  55 	 2.62 
132 	  56 	 -2.36 
211 	  56 	 3.14 
147 	  59 	 0.00 
219 	  60 	 -0.52 
194 	  62 	 3.14 
201 	  64 	 0.00 
215 	  66 	 2.62 
 76 	  68 	 0.00 
107 	  71 	 0.79 
246 	  71 	 3.14 
206 	  72 	 -2.62 
212 	  73 	 -0.52 
100 	  75 	 -2.36 
NaN 	 NaN 	 NaN 
NaN 	 NaN 	 NaN 
106 	  81 	 0.52 
254 	  82 	 -1.05 
184 	  84 	 3.14 
101 	  85 	 -2.36 
178 	  85 	 0.52 
219 	  95 	 -0.52 
 69 	  97 	 0.52 
NaN 	 NaN 	 NaN 
178 	 101 	 3.14 
123 	 102 	 -2.62 
190 	 102 	 0.00 
105 	 104 	 -2.36 
262 	 106 	 0.52 
 88 	 107 	 -2.36 
 67 	 108 	 -2.36 
110 	 110 	 0.00 
254 	 110 	 3.14 
218 	 118 	 3.14 
144 	 119 	 1.05 
225 	 121 	 -0.52 
NaN 	 NaN 	 NaN 
NaN 	 NaN 	 NaN 
209 	 126 	 2.62 
215 	 127 	 -0.52 
 56 	 132 	 1.05 
128 	 132 	 -2.36 
202 	 134 	 -0.52 
 78 	 135 	 1.05 
 88 	 138 	 0.52 
257 	 138 	 3.14 
 73 	 141 	 -2.36 
184 	 142 	 0.00 
178 	 143 	 3.14 
146 	 144 	 -2.36 
229 	 145 	 2.36 
166 	 147 	 0.79 
NaN 	 NaN 	 NaN 
101 	 150 	 0.79 
 54 	 151 	 1.05 
 75 	 153 	 -2.09 
256 	 153 	 2.36 
 97 	 155 	 -2.36 
 55 	 164 	 1.05 
199 	 164 	 2.62 
 98 	 168 	 1.05 
NaN 	 NaN 	 NaN 
 93 	 174 	 -2.09 
169 	 175 	 -2.62 
145 	 181 	 0.79 
208 	 181 	 -0.52 
251 	 185 	 2.09 
199 	 186 	 2.36 
 96 	 187 	 0.79 
226 	 187 	 2.09 
 48 	 188 	 0.52 
208 	 190 	 -1.05 
 92 	 192 	 -2.09 
NaN 	 NaN 	 NaN 
214 	 195 	 2.62 
 43 	 197 	 -0.79 
245 	 198 	 -0.79 
207 	 201 	 2.62 
115 	 207 	 1.05 
211 	 207 	 -0.52 
 93 	 209 	 1.57 
102 	 209 	 1.05 
110 	 213 	 -2.09 
 89 	 214 	 -2.09 
 98 	 215 	 -2.09 
118 	 215 	 -2.09 
 56 	 221 	 -2.09 
192 	 222 	 0.00 
184 	 223 	 3.14 
190 	 232 	 0.00 
NaN 	 NaN 	 NaN 
109 	 242 	 1.05 
139 	 245 	 0.79 
105 	 247 	 -2.36 
131 	 247 	 -2.36 
192 	 249 	 -1.57 
185 	 251 	 -1.57 
154 	 256 	 0.52 
147 	 259 	 -2.36 
------------------------------------------------------------------- 
Bifurcations : 
------------------------------------------------------------------- 
X          Y     Angle 1     Angle 2    Angle 3 
NaN 	 NaN 	 NaN 	 	 NaN 	 	 0.00 
236 	  18 	 2.62 	 	 NaN 	 	 0.79 
212 	  23 	 3.14 	 	 NaN 	 	 -0.52 
264 	  34 	 3.14 	 	 NaN 	 	 0.00 
NaN 	 NaN 	 0.00 	 	 0.00 	 	 0.00 
NaN 	 NaN 	 0.00 	 	 0.00 	 	 0.00 
 93 	  66 	 -2.36 	 	 1.05 	 	 -0.52 
NaN 	 NaN 	 0.00 	 	 0.00 	 	 0.00 
268 	  87 	 2.36 	 	 -2.09 	 	 0.79 
NaN 	 NaN 	 0.00 	 	 0.00 	 	 0.00 
270 	 100 	 3.14 	 	 1.57 	 	 -0.52 
NaN 	 NaN 	 0.00 	 	 0.00 	 	 0.00 
265 	 121 	 -2.62 	 	 -2.09 	 	 0.00 
137 	 138 	 -2.62 	 	 1.57 	 	 0.00 
156 	 151 	 -2.62 	 	 1.05 	 	 0.00 
NaN 	 NaN 	 0.00 	 	 0.00 	 	 0.00 
NaN 	 NaN 	 0.00 	 	 0.00 	 	 0.00 
NaN 	 NaN 	 0.00 	 	 0.00 	 	 0.00 
NaN 	 NaN 	 0.00 	 	 0.00 	 	 0.00 
250 	 179 	 2.36 	 	 -1.57 	 	 0.00 
173 	 185 	 3.14 	 	 -2.09 	 	 0.52 
NaN 	 NaN 	 0.00 	 	 0.00 	 	 0.00 
265 	 191 	 3.14 	 	 1.05 	 	 -0.79 
 47 	 203 	 -2.36 	 	 2.09 	 	 0.52 
 41 	 210 	 3.14 	 	 0.79 	 	 -0.79 
NaN 	 NaN 	 0.00 	 	 0.00 	 	 0.00 
NaN 	 NaN 	 0.00 	 	 0.00 	 	 0.00 
249 	 219 	 2.62 	 	 -1.05 	 	 0.52 
253 	 226 	 -2.62 	 	 2.09 	 	 0.00 
 40 	 228 	 -2.36 	 	 1.05 	 	 0.52 
 48 	 230 	 -2.36 	 	 1.57 	 	 0.52 
246 	 233 	 2.62 	 	 1.05 	 	 -0.79 
 56 	 238 	 -2.62 	 	 1.05 	 	 0.00 
 65 	 239 	 3.14 	 	 -1.05 	 	 0.79 
 39 	 240 	 3.14 	 	 1.05 	 	 0.00 
NaN 	 NaN 	 0.00 	 	 0.00 	 	 0.00 
NaN 	 NaN 	 0.00 	 	 0.00 	 	 0.00 
 97 	 253 	 -2.62 	 	 2.09 	 	 0.52 
168 	 261 	 -2.62 	 	 0.79 	 	 -0.79 
NaN 	 NaN 	 0.00 	 	 0.00 	 	 0.00 
127 	 266 	 -2.36 	 	 1.05 	 	 0.00 
240 	 267 	 3.14 	 	 2.09 	 	 -0.52 
 95 	 269 	 2.62 	 	 -1.57 	 	 0.79 
NaN 	 NaN 	 0.00 	 	 0.00 	 	 0.00 
144 	 272 	 3.14 	 	 -1.57 	 	 0.79 
105 	 275 	 -2.62 	 	 1.05 	 	 0.00 
182 	 275 	 -2.36 	 	 2.09 	 	 -0.79 
156 	 279 	 2.62 	 	 -1.57 	 	 0.79 
181 	 283 	 2.62 	 	 -1.05 	 	 0.79 
