------------------------------------------------------------------- 
Name: 117 
Date: 2018-04-19 
Number of Terminations: 111 
Number of Bifurcations: 24 
------------------------------------------------------------------- 
------------------------------------------------------------------- 
Terminations : 
------------------------------------------------------------------- 
X          Y     Angle 
142 	  20 	 3.14 
NaN 	 NaN 	 NaN 
185 	  29 	 3.14 
192 	  32 	 0.52 
206 	  33 	 2.62 
232 	  35 	 2.62 
240 	  36 	 1.57 
100 	  45 	 1.05 
 93 	  49 	 -2.62 
183 	  51 	 0.52 
NaN 	 NaN 	 NaN 
198 	  59 	 2.62 
212 	  62 	 0.00 
241 	  62 	 2.62 
 75 	  63 	 0.00 
231 	  67 	 2.62 
114 	  68 	 0.52 
237 	  72 	 -0.52 
107 	  74 	 3.14 
 89 	  76 	 0.79 
NaN 	 NaN 	 NaN 
245 	  77 	 2.36 
142 	  79 	 -2.62 
 84 	  82 	 -2.62 
NaN 	 NaN 	 NaN 
213 	  83 	 -2.62 
261 	  83 	 0.00 
122 	  84 	 1.05 
 69 	  87 	 1.05 
 79 	  87 	 0.79 
220 	  87 	 0.00 
 76 	  93 	 -2.36 
NaN 	 NaN 	 NaN 
199 	 101 	 0.00 
142 	 102 	 0.79 
 99 	 103 	 0.79 
248 	 105 	 1.57 
 94 	 107 	 -2.36 
143 	 110 	 0.00 
225 	 111 	 2.36 
 86 	 115 	 0.79 
230 	 115 	 -0.52 
 60 	 117 	 1.05 
164 	 117 	 0.00 
 80 	 119 	 -1.57 
158 	 120 	 -2.09 
 77 	 125 	 0.79 
 73 	 130 	 -2.09 
162 	 130 	 3.14 
142 	 131 	 0.52 
196 	 132 	 2.62 
NaN 	 NaN 	 NaN 
 58 	 135 	 1.05 
115 	 136 	 0.79 
NaN 	 NaN 	 NaN 
208 	 137 	 -1.05 
165 	 138 	 -2.62 
257 	 139 	 2.36 
NaN 	 NaN 	 NaN 
111 	 142 	 -2.09 
158 	 143 	 0.52 
NaN 	 NaN 	 NaN 
177 	 143 	 0.52 
 97 	 145 	 1.05 
207 	 148 	 -0.79 
260 	 148 	 0.00 
 41 	 151 	 2.36 
 93 	 151 	 -2.09 
224 	 153 	 2.09 
144 	 157 	 1.05 
NaN 	 NaN 	 NaN 
 52 	 159 	 0.79 
129 	 159 	 -1.57 
NaN 	 NaN 	 NaN 
243 	 164 	 -0.79 
252 	 164 	 2.09 
218 	 167 	 1.57 
204 	 168 	 3.14 
224 	 170 	 -1.05 
258 	 172 	 0.00 
209 	 175 	 0.00 
260 	 178 	 -1.57 
 52 	 179 	 1.57 
147 	 182 	 -2.09 
102 	 187 	 1.05 
228 	 192 	 2.62 
 49 	 193 	 0.00 
191 	 193 	 0.00 
184 	 194 	 3.14 
 58 	 197 	 -2.36 
174 	 198 	 0.52 
232 	 199 	 -1.57 
169 	 203 	 -2.09 
 99 	 208 	 1.05 
 95 	 213 	 -2.36 
 75 	 214 	 1.05 
140 	 219 	 0.52 
192 	 219 	 -1.57 
133 	 221 	 -2.36 
 89 	 222 	 1.05 
106 	 223 	 -2.09 
185 	 223 	 -1.57 
 54 	 225 	 3.14 
193 	 226 	 1.57 
141 	 227 	 -2.09 
 84 	 228 	 -2.09 
NaN 	 NaN 	 NaN 
147 	 243 	 -2.36 
193 	 259 	 2.09 
138 	 267 	 0.52 
NaN 	 NaN 	 NaN 
------------------------------------------------------------------- 
Bifurcations : 
------------------------------------------------------------------- 
X          Y     Angle 1     Angle 2    Angle 3 
184 	  18 	 -2.62 	 	 NaN 	 	 -0.79 
NaN 	 NaN 	 0.00 	 	 0.00 	 	 0.00 
165 	  21 	 -2.62 	 	 1.57 	 	 0.00 
115 	  25 	 -2.62 	 	 -1.05 	 	 0.79 
 77 	  26 	 3.14 	 	 1.05 	 	 -0.79 
266 	  48 	 3.14 	 	 -2.09 	 	 0.00 
258 	  63 	 2.62 	 	 -1.57 	 	 0.52 
157 	 101 	 -2.62 	 	 -2.09 	 	 0.00 
172 	 157 	 3.14 	 	 -1.57 	 	 0.52 
NaN 	 NaN 	 0.00 	 	 0.00 	 	 0.00 
263 	 184 	 3.14 	 	 2.09 	 	 0.00 
 46 	 224 	 3.14 	 	 0.79 	 	 -0.52 
208 	 226 	 2.36 	 	 3.14 	 	 -1.05 
 97 	 230 	 -2.36 	 	 1.57 	 	 0.00 
184 	 230 	 3.14 	 	 1.57 	 	 -0.79 
 77 	 241 	 -2.62 	 	 1.57 	 	 0.00 
 58 	 242 	 2.36 	 	 -1.57 	 	 0.52 
NaN 	 NaN 	 0.00 	 	 0.00 	 	 0.00 
 69 	 249 	 -2.62 	 	 1.05 	 	 -0.79 
 68 	 257 	 -2.36 	 	 1.05 	 	 0.52 
239 	 257 	 2.62 	 	 2.09 	 	 -0.79 
252 	 259 	 2.36 	 	 -2.62 	 	 0.00 
171 	 275 	 -2.62 	 	 1.57 	 	 -0.52 
179 	 283 	 1.05 	 	 -1.05 	 	 0.00 
