------------------------------------------------------------------- 
Name: 118 
Date: 2018-04-19 
Number of Terminations: 97 
Number of Bifurcations: 30 
------------------------------------------------------------------- 
------------------------------------------------------------------- 
Terminations : 
------------------------------------------------------------------- 
X          Y     Angle 
NaN 	 NaN 	 NaN 
140 	  32 	 0.52 
130 	  36 	 -2.62 
218 	  37 	 0.00 
140 	  38 	 -2.62 
199 	  41 	 0.00 
233 	  43 	 2.62 
NaN 	 NaN 	 NaN 
 70 	  50 	 0.00 
106 	  51 	 0.79 
100 	  54 	 -2.36 
NaN 	 NaN 	 NaN 
190 	  60 	 0.52 
238 	  67 	 2.62 
219 	  72 	 0.00 
119 	  75 	 0.52 
NaN 	 NaN 	 NaN 
 72 	  77 	 1.05 
NaN 	 NaN 	 NaN 
178 	  78 	 -2.62 
238 	  80 	 1.57 
125 	  82 	 -2.62 
255 	  82 	 -1.57 
 93 	  83 	 0.52 
 89 	  88 	 -2.36 
111 	  92 	 0.52 
244 	  93 	 2.62 
 73 	  94 	 0.79 
220 	  94 	 3.14 
226 	  97 	 0.00 
 67 	 100 	 -2.09 
145 	 101 	 1.57 
210 	 101 	 3.14 
216 	 103 	 0.00 
244 	 105 	 3.14 
 62 	 108 	 0.79 
205 	 110 	 -0.52 
130 	 113 	 -2.09 
148 	 117 	 0.00 
 80 	 118 	 1.05 
231 	 120 	 2.62 
 90 	 121 	 0.52 
251 	 122 	 2.62 
 75 	 124 	 -2.36 
236 	 125 	 -0.52 
168 	 126 	 0.79 
NaN 	 NaN 	 NaN 
121 	 130 	 -2.62 
176 	 131 	 0.00 
 56 	 132 	 0.79 
104 	 133 	 0.79 
 78 	 136 	 -2.09 
100 	 138 	 -2.36 
255 	 143 	 2.09 
151 	 146 	 -2.09 
214 	 146 	 -1.05 
 56 	 150 	 1.05 
102 	 150 	 0.79 
 41 	 154 	 2.36 
252 	 154 	 2.36 
 97 	 158 	 -2.09 
230 	 163 	 2.09 
213 	 166 	 -1.05 
235 	 167 	 -1.05 
184 	 170 	 -2.62 
178 	 172 	 0.00 
249 	 172 	 -1.05 
211 	 174 	 -2.36 
225 	 175 	 2.09 
 48 	 178 	 0.79 
230 	 179 	 -1.05 
215 	 183 	 -0.52 
193 	 190 	 3.14 
 51 	 192 	 1.05 
116 	 195 	 -2.36 
NaN 	 NaN 	 NaN 
191 	 201 	 3.14 
 62 	 204 	 -2.09 
154 	 204 	 -2.09 
180 	 205 	 0.52 
197 	 209 	 -0.52 
176 	 210 	 -2.36 
104 	 215 	 1.05 
182 	 217 	 -2.36 
100 	 220 	 -2.36 
 80 	 221 	 1.05 
199 	 227 	 -1.05 
192 	 228 	 -1.57 
200 	 234 	 1.57 
247 	 234 	 0.52 
161 	 236 	 0.52 
155 	 240 	 -2.62 
149 	 243 	 0.52 
154 	 248 	 -2.09 
160 	 248 	 0.52 
185 	 258 	 2.62 
200 	 265 	 2.09 
------------------------------------------------------------------- 
Bifurcations : 
------------------------------------------------------------------- 
X          Y     Angle 1     Angle 2    Angle 3 
 75 	  27 	 -2.09 	 	 NaN 	 	 -0.52 
NaN 	 NaN 	 0.00 	 	 NaN 	 	 0.00 
176 	  30 	 3.14 	 	 1.57 	 	 0.00 
119 	  33 	 -2.36 	 	 2.09 	 	 0.79 
 96 	  44 	 3.14 	 	 2.09 	 	 -0.79 
267 	  64 	 -2.62 	 	 -2.09 	 	 0.79 
161 	 110 	 3.14 	 	 1.57 	 	 0.79 
NaN 	 NaN 	 0.00 	 	 0.00 	 	 0.00 
 40 	 115 	 3.14 	 	 1.05 	 	 0.52 
NaN 	 NaN 	 0.00 	 	 0.00 	 	 0.00 
NaN 	 NaN 	 0.00 	 	 0.00 	 	 0.00 
254 	 179 	 2.36 	 	 -1.57 	 	 0.52 
264 	 188 	 2.62 	 	 2.09 	 	 0.00 
249 	 189 	 2.09 	 	 -1.05 	 	 0.52 
204 	 218 	 3.14 	 	 1.57 	 	 -0.79 
234 	 222 	 2.36 	 	 3.14 	 	 -1.05 
 46 	 225 	 2.36 	 	 3.14 	 	 0.79 
 41 	 229 	 -2.62 	 	 1.05 	 	 0.00 
 54 	 229 	 3.14 	 	 0.79 	 	 -0.52 
NaN 	 NaN 	 0.00 	 	 0.00 	 	 0.00 
 63 	 235 	 2.36 	 	 -1.57 	 	 0.52 
103 	 237 	 -2.36 	 	 2.09 	 	 0.00 
190 	 237 	 3.14 	 	 1.05 	 	 -0.52 
245 	 240 	 2.36 	 	 -1.57 	 	 0.52 
 59 	 242 	 -2.62 	 	 1.05 	 	 -0.79 
 82 	 249 	 -2.36 	 	 1.57 	 	 -0.52 
255 	 254 	 3.14 	 	 2.09 	 	 -0.79 
NaN 	 NaN 	 0.00 	 	 0.00 	 	 0.00 
234 	 268 	 2.62 	 	 2.09 	 	 -0.79 
138 	 269 	 2.62 	 	 1.05 	 	 -1.05 
