------------------------------------------------------------------- 
Name: 119 
Date: 2018-04-19 
Number of Terminations: 66 
Number of Bifurcations: 33 
------------------------------------------------------------------- 
------------------------------------------------------------------- 
Terminations : 
------------------------------------------------------------------- 
X          Y     Angle 
175 	  22 	 3.14 
182 	  24 	 0.00 
197 	  24 	 3.14 
219 	  24 	 2.62 
116 	  27 	 2.62 
236 	  29 	 0.79 
228 	  36 	 2.62 
 58 	  42 	 3.14 
174 	  43 	 0.52 
167 	  45 	 3.14 
222 	  45 	 2.62 
 89 	  46 	 1.05 
161 	  47 	 0.79 
NaN 	 NaN 	 NaN 
NaN 	 NaN 	 NaN 
146 	  53 	 -2.62 
223 	  54 	 2.62 
176 	  61 	 0.52 
105 	  67 	 0.52 
169 	  72 	 0.00 
205 	  72 	 3.14 
 99 	  73 	 -2.62 
213 	  74 	 0.00 
NaN 	 NaN 	 NaN 
 81 	  78 	 0.79 
 76 	  84 	 -2.36 
 64 	  85 	 1.05 
 99 	  85 	 0.79 
221 	  96 	 2.62 
227 	 100 	 0.00 
250 	 106 	 1.57 
158 	 109 	 0.00 
 43 	 115 	 -2.36 
 81 	 117 	 0.79 
NaN 	 NaN 	 NaN 
 56 	 121 	 1.05 
113 	 121 	 -2.36 
261 	 121 	 0.00 
254 	 123 	 1.05 
206 	 124 	 -0.52 
NaN 	 NaN 	 NaN 
 70 	 132 	 -1.57 
144 	 134 	 -2.09 
206 	 135 	 0.00 
201 	 142 	 3.14 
 96 	 144 	 1.05 
 52 	 146 	 1.57 
NaN 	 NaN 	 NaN 
 92 	 152 	 -2.09 
212 	 160 	 -0.52 
191 	 171 	 -2.62 
 45 	 179 	 1.05 
196 	 180 	 0.00 
190 	 181 	 -2.36 
125 	 184 	 1.05 
122 	 190 	 -2.09 
196 	 190 	 0.00 
 62 	 203 	 -2.09 
NaN 	 NaN 	 NaN 
193 	 211 	 -1.57 
147 	 214 	 1.05 
140 	 216 	 -2.09 
 81 	 218 	 1.05 
145 	 237 	 0.79 
204 	 244 	 2.62 
181 	 260 	 -2.09 
------------------------------------------------------------------- 
Bifurcations : 
------------------------------------------------------------------- 
X          Y     Angle 1     Angle 2    Angle 3 
158 	  37 	 -2.62 	 	 NaN 	 	 NaN 
NaN 	 NaN 	 NaN 	 	 NaN 	 	 0.00 
  0 	   0 	 0.00 	 	 0.00 	 	 NaN 
NaN 	   0 	 0.00 	 	 0.00 	 	 0.00 
  0 	 NaN 	 NaN 	 	 0.00 	 	 0.00 
  0 	   0 	 0.00 	 	 NaN 	 	 NaN 
  0 	   0 	 0.00 	 	 0.00 	 	 0.00 
258 	 135 	 2.36 	 	 -2.09 	 	 0.00 
  0 	   0 	 172.00 	 	 148.00 	 	 3.14 
 -2 	   1 	 0.00 	 	 0.00 	 	 NaN 
NaN 	   0 	 0.00 	 	 0.00 	 	 0.00 
  0 	 211 	 172.00 	 	 2.62 	 	 1.57 
 -1 	   0 	 0.00 	 	 259.00 	 	 174.00 
 -2 	   2 	 0.00 	 	 0.00 	 	 0.00 
251 	 182 	 2.36 	 	 0.79 	 	 -0.79 
  0 	   0 	 204.00 	 	 198.00 	 	 3.14 
  2 	  -1 	 0.00 	 	 0.00 	 	 42.00 
200 	   3 	 -1.05 	 	 0.79 	 	 0.00 
  0 	 NaN 	 NaN 	 	 0.00 	 	 0.00 
  0 	   0 	 0.00 	 	 192.00 	 	 219.00 
  3 	   1 	 -0.79 	 	 0.00 	 	 0.00 
 39 	 220 	 -2.36 	 	 1.05 	 	 0.52 
  0 	   0 	 44.00 	 	 224.00 	 	 -2.36 
  1 	   0 	 0.00 	 	 0.00 	 	 177.00 
225 	  -3 	 1.05 	 	 -0.52 	 	 0.00 
  0 	 NaN 	 NaN 	 	 0.00 	 	 0.00 
  0 	   0 	 0.00 	 	 106.00 	 	 230.00 
 -2 	   2 	 0.00 	 	 0.00 	 	 0.00 
 65 	 238 	 -2.36 	 	 1.05 	 	 0.00 
  0 	   0 	 74.00 	 	 242.00 	 	 2.36 
 -2 	   1 	 0.00 	 	 0.00 	 	 87.00 
246 	  -3 	 1.57 	 	 0.00 	 	 0.00 
  0 	 NaN 	 NaN 	 	 0.00 	 	 0.00 
  0 	   0 	 0.00 	 	 52.00 	 	 251.00 
 -2 	   2 	 0.00 	 	 0.00 	 	 0.00 
 96 	 254 	 -2.62 	 	 -1.57 	 	 0.79 
  0 	   0 	 70.00 	 	 256.00 	 	 -2.62 
  1 	   1 	 0.00 	 	 0.00 	 	 99.00 
261 	   2 	 -2.09 	 	 0.00 	 	 0.00 
  0 	 128 	 262.00 	 	 -2.62 	 	 1.57 
 -1 	   0 	 0.00 	 	 113.00 	 	 265.00 
 -3 	   1 	 0.00 	 	 0.00 	 	 0.00 
177 	 266 	 3.14 	 	 1.05 	 	 0.00 
  0 	   0 	 NaN 	 	 NaN 	 	 0.00 
  0 	   0 	 0.00 	 	 0.00 	 	 126.00 
272 	  -2 	 2.09 	 	 0.52 	 	 0.00 
  0 	 