------------------------------------------------------------------- 
Name: 120 
Date: 2018-04-19 
Number of Terminations: 88 
Number of Bifurcations: 43 
------------------------------------------------------------------- 
------------------------------------------------------------------- 
Terminations : 
------------------------------------------------------------------- 
X          Y     Angle 
164 	  26 	 0.52 
251 	  26 	 0.52 
 77 	  27 	 1.05 
158 	  27 	 3.14 
NaN 	 NaN 	 NaN 
152 	  28 	 0.52 
144 	  31 	 -2.62 
NaN 	 NaN 	 NaN 
217 	  43 	 -0.52 
160 	  44 	 3.14 
166 	  44 	 0.00 
 95 	  45 	 0.52 
105 	  47 	 -2.09 
249 	  47 	 1.05 
 89 	  49 	 -2.36 
239 	  56 	 2.09 
193 	  57 	 3.14 
200 	  59 	 0.00 
103 	  60 	 0.79 
 74 	  64 	 0.79 
 98 	  64 	 -2.36 
238 	  65 	 3.14 
205 	  82 	 2.62 
210 	  86 	 -0.52 
 68 	  90 	 0.79 
NaN 	 NaN 	 NaN 
NaN 	 NaN 	 NaN 
124 	 103 	 0.00 
143 	 103 	 3.14 
188 	 109 	 -1.05 
NaN 	 NaN 	 NaN 
 96 	 111 	 0.79 
127 	 113 	 -2.09 
 61 	 114 	 1.05 
115 	 115 	 -2.62 
 92 	 117 	 -2.36 
 78 	 120 	 0.79 
187 	 120 	 -0.79 
203 	 124 	 2.36 
 74 	 126 	 -2.09 
104 	 127 	 -2.09 
124 	 129 	 0.52 
220 	 132 	 -0.52 
110 	 133 	 -1.57 
263 	 134 	 -0.52 
245 	 135 	 2.09 
NaN 	 NaN 	 NaN 
184 	 140 	 2.62 
249 	 141 	 -1.57 
136 	 144 	 0.79 
188 	 146 	 -0.52 
258 	 150 	 0.52 
167 	 154 	 3.14 
NaN 	 NaN 	 NaN 
 54 	 157 	 1.05 
 75 	 159 	 1.57 
255 	 161 	 2.09 
 71 	 164 	 -2.09 
171 	 164 	 0.00 
208 	 164 	 2.62 
165 	 166 	 2.62 
154 	 169 	 0.52 
210 	 170 	 -1.05 
150 	 174 	 -2.36 
NaN 	 NaN 	 NaN 
 80 	 181 	 1.05 
252 	 181 	 1.57 
 51 	 182 	 -2.09 
 76 	 186 	 -2.36 
172 	 191 	 -1.05 
165 	 192 	 -1.57 
 87 	 195 	 -2.09 
 87 	 208 	 0.79 
 80 	 212 	 -2.09 
157 	 221 	 2.62 
NaN 	 NaN 	 NaN 
117 	 238 	 0.52 
147 	 246 	 2.62 
153 	 247 	 -0.52 
112 	 248 	 0.52 
133 	 253 	 -0.52 
NaN 	 NaN 	 NaN 
122 	 262 	 -2.62 
128 	 263 	 0.00 
192 	 267 	 2.09 
186 	 271 	 2.09 
135 	 273 	 3.14 
142 	 273 	 -1.05 
------------------------------------------------------------------- 
Bifurcations : 
------------------------------------------------------------------- 
X          Y     Angle 1     Angle 2    Angle 3 
NaN 	 NaN 	 NaN 	 	 NaN 	 	 0.00 
127 	  14 	 2.36 	 	 NaN 	 	 0.00 
 97 	  20 	 3.14 	 	 NaN 	 	 0.79 
189 	  23 	 -2.62 	 	 1.57 	 	 -0.52 
NaN 	 NaN 	 0.00 	 	 0.00 	 	 0.00 
267 	  42 	 2.62 	 	 -2.36 	 	 0.00 
256 	  48 	 2.09 	 	 -1.05 	 	 0.52 
264 	  62 	 2.36 	 	 -1.57 	 	 0.00 
NaN 	 NaN 	 0.00 	 	 0.00 	 	 0.00 
NaN 	 NaN 	 0.00 	 	 0.00 	 	 0.00 
269 	  99 	 3.14 	 	 1.05 	 	 -0.79 
241 	 157 	 2.62 	 	 -1.05 	 	 0.79 
137 	 158 	 3.14 	 	 -2.36 	 	 1.05 
177 	 181 	 3.14 	 	 1.57 	 	 -0.79 
NaN 	 NaN 	 0.00 	 	 0.00 	 	 0.00 
NaN 	 NaN 	 0.00 	 	 0.00 	 	 0.00 
NaN 	 NaN 	 0.00 	 	 0.00 	 	 0.00 
188 	 199 	 3.14 	 	 1.57 	 	 -0.79 
163 	 200 	 3.14 	 	 1.05 	 	 -0.79 
 78 	 202 	 -2.36 	 	 1.57 	 	 0.00 
 46 	 206 	 -2.62 	 	 1.57 	 	 0.00 
 40 	 210 	 3.14 	 	 0.52 	 	 -0.79 
NaN 	 NaN 	 0.00 	 	 0.00 	 	 0.00 
252 	 212 	 2.36 	 	 -2.09 	 	 0.52 
 58 	 214 	 -2.62 	 	 1.57 	 	 -0.52 
 50 	 221 	 2.62 	 	 -1.57 	 	 0.79 
NaN 	 NaN 	 0.00 	 	 0.00 	 	 0.00 
 55 	 232 	 -2.62 	 	 1.05 	 	 -0.52 
205 	 238 	 3.14 	 	 2.09 	 	 -0.52 
 92 	 240 	 -2.36 	 	 1.57 	 	 -0.52 
 61 	 246 	 3.14 	 	 1.05 	 	 -0.79 
 76 	 248 	 3.14 	 	 -1.57 	 	 0.52 
100 	 251 	 3.14 	 	 -1.05 	 	 0.52 
NaN 	 NaN 	 0.00 	 	 0.00 	 	 0.00 
 63 	 253 	 -2.36 	 	 1.57 	 	 0.52 
NaN 	 NaN 	 0.00 	 	 0.00 	 	 0.00 
 85 	 255 	 3.14 	 	 -1.57 	 	 0.52 
113 	 255 	 3.14 	 	 -1.57 	 	 0.52 
 79 	 256 	 -2.36 	 	 2.09 	 	 0.52 
NaN 	 NaN 	 0.00 	 	 0.00 	 	 0.00 
NaN 	 NaN 	 0.00 	 	 0.00 	 	 0.00 
156 	 271 	 2.36 	 	 -2.36 	 	 -1.05 
216 	 276 	 -2.36 	 	 2.09 	 	 -0.52 
