------------------------------------------------------------------- 
Name: 13 
Date: 2018-04-13 
Number of Terminations: 37 
Number of Bifurcations: 63 
------------------------------------------------------------------- 
------------------------------------------------------------------- 
Terminations : 
------------------------------------------------------------------- 
X          Y     Angle 
161 	  19 	 170.00 
 20 	 112 	 22.00 
224 	  38 	 75.00 
 51 	  71 	 57.00 
225 	  59 	 204.00 
 60 	 108 	 65.00 
 68 	  72 	 200.00 
 78 	 207 	 84.00 
 67 	  86 	 180.00 
 93 	 186 	 97.00 
195 	 102 	 138.00 
104 	  61 	 108.00 
176 	 111 	 57.00 
125 	 136 	 128.00 
 55 	 143 	 165.00 
157 	 146 	 165.00 
 69 	 172 	 236.00 
172 	  53 	 174.00 
 60 	 180 	 54.00 
189 	  53 	 204.00 
 80 	 211 	 52.00 
219 	  54 	 231.00 
197 	 236 	 227.00 
236 	 230 	 243.00 
205 	 268 	 ------------------------------------------------------------------- 
Bifurcations : 
------------------------------------------------------------------- 
X          Y     Angle 1     Angle 2    Angle 3 
134 	  12 	 146.00 	 	 14.00 	 	 136.00 
 18 	 178 	 22.00 	 	 197.00 	 	 26.00 
239 	  26 	 167.00 	 	 28.00 	 	 176.00 
 28 	 207 	 30.00 	 	 233.00 	 	 30.00 
166 	  35 	 204.00 	 	 38.00 	 	 87.00 
 42 	 209 	 44.00 	 	 236.00 	 	 45.00 
 96 	  47 	 167.00 	 	 60.00 	 	 256.00 
 61 	 226 	 73.00 	 	 144.00 	 	 74.00 
229 	  80 	 157.00 	 	 82.00 	 	 116.00 
 84 	 224 	 85.00 	 	 251.00 	 	 101.00 
274 	 102 	 238.00 	 	 105.00 	 	 229.00 
107 	 253 	 112.00 	 	 73.00 	 	 122.00 
 82 	 125 	 93.00 	 	 125.00 	 	 237.00 
130 	 230 	 135.00 	 	 170.00 	 	 137.00 
196 	 137 	 273.00 	 	 138.00 	 	 157.00 
139 	 257 	 140.00 	 	 249.00 	 	 143.00 
256 	 148 	 255.00 	 	 160.00 	 	 210.00 
166 	 232 	 167.00 	 	 260.00 	 	 167.00 
202 	 177 	 244.00 	 	 179.00 	 	 254.00 
180 	 190 	 182.00 	 	 260.00 	 	 194.00 
143 	 197 	 67.00 	 	 204.00 	 	 34.00 
250 	 102 	 252.00 	 	 208.00 	 	 254.00 
 59 	 260 	 179.00 	 	 261.00 	 	 187.00 
267 	 111 	 273.00 	 	 159.00 	 	 276.00 
207 	 278 	 229.00 	 	 278.00 	 	 215.00 
280 	 