------------------------------------------------------------------- 
Name: 16 
Date: 2018-04-13 
Number of Terminations: 27 
Number of Bifurcations: 98 
------------------------------------------------------------------- 
------------------------------------------------------------------- 
Terminations : 
------------------------------------------------------------------- 
X          Y     Angle 
262 	  17 	 -0.79 
137 	  28 	 -2.36 
189 	  28 	 -0.52 
241 	  28 	 1.57 
144 	  29 	 0.79 
269 	  35 	 0.00 
175 	  53 	 3.14 
181 	  55 	 0.00 
265 	  68 	 -2.36 
 96 	  73 	 1.05 
274 	  75 	 0.00 
 85 	  83 	 -2.62 
 60 	  99 	 0.79 
 57 	 113 	 0.79 
 55 	 129 	 1.05 
277 	 132 	 -0.52 
135 	 157 	 -2.36 
 49 	 171 	 1.05 
 47 	 188 	 1.05 
163 	 188 	 -1.57 
 51 	 195 	 1.05 
144 	 196 	 -2.09 
 51 	 211 	 1.05 
 50 	 226 	 0.79 
 51 	 238 	 0.79 
 43 	 246 	 -2.62 
 49 	 262 	 0.79 
------------------------------------------------------------------- 
Bifurcations : 
------------------------------------------------------------------- 
X          Y     Angle 1     Angle 2    Angle 3 
180 	  11 	 -2.62 	 	 NaN 	 	 -0.52 
153 	  12 	 -2.62 	 	 NaN 	 	 0.00 
222 	  15 	 2.62 	 	 NaN 	 	 0.00 
 94 	  28 	 -2.36 	 	 1.57 	 	 0.52 
108 	  29 	 -2.36 	 	 1.57 	 	 0.00 
215 	  30 	 3.14 	 	 -1.57 	 	 0.79 
179 	  32 	 3.14 	 	 1.57 	 	 -0.52 
225 	  35 	 3.14 	 	 1.57 	 	 0.00 
208 	  37 	 2.36 	 	 -2.36 	 	 0.00 
NaN 	 NaN 	 0.00 	 	 0.00 	 	 0.00 
NaN 	 NaN 	 0.00 	 	 0.00 	 	 0.00 
127 	  56 	 2.62 	 	 -2.09 	 	 0.00 
215 	  57 	 2.36 	 	 -2.09 	 	 0.00 
153 	  65 	 -2.62 	 	 1.05 	 	 -0.52 
235 	  65 	 -2.62 	 	 1.05 	 	 -0.52 
221 	  68 	 -2.36 	 	 2.09 	 	 -0.52 
177 	  71 	 2.62 	 	 -1.57 	 	 0.00 
NaN 	 NaN 	 0.00 	 	 0.00 	 	 0.00 
185 	  73 	 2.62 	 	 -2.09 	 	 0.00 
NaN 	 NaN 	 0.00 	 	 0.00 	 	 0.00 
NaN 	 NaN 	 0.00 	 	 0.00 	 	 0.00 
NaN 	 NaN 	 0.00 	 	 0.00 	 	 0.00 
183 	  79 	 3.14 	 	 1.57 	 	 -0.79 
250 	  79 	 2.62 	 	 -1.05 	 	 0.52 
235 	  80 	 -2.36 	 	 2.09 	 	 -0.52 
205 	  82 	 3.14 	 	 -1.05 	 	 0.79 
115 	  83 	 -2.62 	 	 0.79 	 	 -0.79 
230 	  85 	 2.36 	 	 -1.57 	 	 0.79 
260 	  85 	 3.14 	 	 -1.05 	 	 0.79 
 70 	  87 	 -2.36 	 	 0.79 	 	 -0.79 
170 	  88 	 3.14 	 	 0.79 	 	 -0.79 
 75 	  91 	 2.62 	 	 -2.09 	 	 0.52 
173 	  94 	 -2.62 	 	 1.57 	 	 -0.52 
NaN 	 NaN 	 0.00 	 	 0.00 	 	 0.00 
 68 	 101 	 -2.36 	 	 1.05 	 	 -0.79 
NaN 	 NaN 	 0.00 	 	 0.00 	 	 0.00 
NaN 	 NaN 	 0.00 	 	 0.00 	 	 0.00 
 79 	 108 	 2.36 	 	 -2.09 	 	 0.79 
225 	 108 	 3.14 	 	 1.57 	 	 -0.52 
265 	 112 	 2.36 	 	 -2.09 	 	 -0.52 
 87 	 113 	 -2.62 	 	 1.05 	 	 0.00 
160 	 114 	 3.14 	 	 1.57 	 	 -0.52 
232 	 115 	 2.36 	 	 -1.57 	 	 0.52 
NaN 	 NaN 	 0.00 	 	 0.00 	 	 0.00 
153 	 122 	 -2.62 	 	 -2.09 	 	 0.00 
220 	 125 	 2.36 	 	 -1.57 	 	 0.00 
174 	 130 	 2.62 	 	 -2.09 	 	 -0.52 
NaN 	 NaN 	 0.00 	 	 0.00 	 	 0.00 
245 	 136 	 2.62 	 	 0.79 	 	 -0.79 
140 	 140 	 3.14 	 	 1.57 	 	 0.00 
NaN 	 NaN 	 0.00 	 	 0.00 	 	 0.00 
215 	 143 	 2.36 	 	 -1.57 	 	 0.52 
240 	 146 	 2.36 	 	 -2.09 	 	 0.52 
268 	 149 	 3.14 	 	 1.57 	 	 -0.52 
236 	 151 	 3.14 	 	 -1.57 	 	 0.79 
180 	 153 	 -2.62 	 	 1.57 	 	 -0.52 
174 	 155 	 2.09 	 	 -1.57 	 	 0.00 
198 	 156 	 -2.62 	 	 1.57 	 	 -0.79 
238 	 157 	 2.09 	 	 -2.09 	 	 -0.52 
255 	 161 	 3.14 	 	 1.05 	 	 -0.79 
237 	 166 	 2.09 	 	 -1.57 	 	 0.00 
244 	 166 	 3.14 	 	 -1.57 	 	 1.05 
266 	 166 	 3.14 	 	 -1.57 	 	 0.52 
168 	 168 	 2.62 	 	 -1.05 	 	 0.79 
 57 	 173 	 -2.36 	 	 1.57 	 	 -0.79 
NaN 	 NaN 	 0.00 	 	 0.00 	 	 0.00 
NaN 	 NaN 	 0.00 	 	 0.00 	 	 0.00 
NaN 	 NaN 	 0.00 	 	 0.00 	 	 0.00 
143 	 186 	 -2.36 	 	 2.09 	 	 0.00 
NaN 	 NaN 	 0.00 	 	 0.00 	 	 0.00 
232 	 193 	 2.36 	 	 -1.57 	 	 0.52 
NaN 	 NaN 	 0.00 	 	 0.00 	 	 0.00 
 74 	 201 	 3.14 	 	 1.05 	 	 -0.52 
208 	 203 	 -2.36 	 	 1.57 	 	 -0.79 
NaN 	 NaN 	 0.00 	 	 0.00 	 	 0.00 
NaN 	 NaN 	 0.00 	 	 0.00 	 	 0.00 
239 	 207 	 3.14 	 	 -1.05 	 	 0.79 
139 	 211 	 -2.36 	 	 1.57 	 	 0.00 
145 	 212 	 3.14 	 	 -1.57 	 	 1.05 
181 	 216 	 -2.09 	 	 1.57 	 	 0.00 
NaN 	 NaN 	 0.00 	 	 0.00 	 	 0.00 
134 	 221 	 -2.36 	 	 1.57 	 	 0.00 
140 	 223 	 3.14 	 	 -1.57 	 	 1.05 
252 	 226 	 2.36 	 	 -1.57 	 	 0.00 
264 	 226 	 3.14 	 	 1.57 	 	 -1.05 
 63 	 227 	 -2.62 	 	 2.09 	 	 0.00 
NaN 	 NaN 	 0.00 	 	 0.00 	 	 0.00 
 98 	 233 	 -2.62 	 	 1.05 	 	 -0.79 
 71 	 234 	 -2.62 	 	 1.57 	 	 0.00 
104 	 236 	 3.14 	 	 -2.09 	 	 0.79 
237 	 256 	 2.36 	 	 -2.09 	 	 0.52 
192 	 274 	 -2.09 	 	 1.57 	 	 0.00 
NaN 	 NaN 	 0.00 	 	 0.00 	 	 0.00 
NaN 	 NaN 	 0.00 	 	 0.00 	 	 0.00 
NaN 	 NaN 	 0.00 	 	 0.00 	 	 0.00 
184 	 287 	 -2.36 	 	 1.05 	 	 -0.52 
138 	 288 	 -2.62 	 	 1.05 	 	 -0.79 
164 	 290 	 2.36 	 	 -2.36 	 	 0.79 
