------------------------------------------------------------------- 
Name: 22 
Date: 2018-04-13 
Number of Terminations: 47 
Number of Bifurcations: 72 
------------------------------------------------------------------- 
------------------------------------------------------------------- 
Terminations : 
------------------------------------------------------------------- 
X          Y     Angle 
235 	  14 	 249.00 
 22 	 184 	 25.00 
264 	  37 	 177.00 
 38 	 171 	 39.00 
 83 	  44 	 130.00 
 45 	 176 	 46.00 
170 	  47 	 134.00 
 50 	 266 	 54.00 
 77 	  56 	 137.00 
 57 	 163 	 60.00 
173 	  60 	 155.00 
 62 	 210 	 71.00 
 72 	  72 	 219.00 
 78 	 163 	 79.00 
 70 	  82 	 94.00 
 82 	 156 	 82.00 
 65 	  97 	 104.00 
105 	 274 	 106.00 
 65 	 118 	 200.00 
121 	 136 	 130.00 
 58 	 138 	 183.00 
152 	  55 	 157.00 
 53 	 174 	 57.00 
179 	  57 	 194.00 
163 	 198 	 53.00 
201 	  53 	 210.00 
 56 	 217 	 169.00 
218 	  55 	 232.00 
 58 	 239 	 239.00 
261 	  63 	 265.00 
241 	 268 	 58.00 
269 	 ------------------------------------------------------------------- 
Bifurcations : 
------------------------------------------------------------------- 
X          Y     Angle 1     Angle 2    Angle 3 
159 	  16 	 203.00 	 	 18.00 	 	 102.00 
 19 	 147 	 19.00 	 	 118.00 	 	 20.00 
111 	  23 	 179.00 	 	 30.00 	 	 104.00 
 34 	 230 	 38.00 	 	 89.00 	 	 42.00 
251 	  47 	 246.00 	 	 52.00 	 	 256.00 
 53 	 168 	 64.00 	 	 246.00 	 	 64.00 
260 	  64 	 240.00 	 	 68.00 	 	 254.00 
 73 	 134 	 76.00 	 	 155.00 	 	 91.00 
273 	  93 	 156.00 	 	 97.00 	 	 269.00 
102 	 157 	 103.00 	 	 73.00 	 	 104.00 
270 	 112 	 69.00 	 	 113.00 	 	 75.00 
115 	 262 	 117.00 	 	 175.00 	 	 126.00 
201 	 129 	 175.00 	 	 133.00 	 	 181.00 
136 	 190 	 138.00 	 	 181.00 	 	 144.00 
262 	 150 	 256.00 	 	 153.00 	 	 173.00 
154 	 207 	 157.00 	 	 248.00 	 	 160.00 
171 	 161 	 261.00 	 	 164.00 	 	 159.00 
173 	 173 	 175.00 	 	 193.00 	 	 175.00 
199 	 175 	 258.00 	 	 177.00 	 	 175.00 
192 	 138 	 197.00 	 	 250.00 	 	 200.00 
267 	 200 	 270.00 	 	 207.00 	 	 91.00 
208 	 250 	 208.00 	 	 257.00 	 	 209.00 
225 	 211 	 121.00 	 	 217.00 	 	 264.00 
220 	  69 	 227.00 	 	 153.00 	 	 231.00 
 74 	 232 	 147.00 	 	 241.00 	 	 113.00 
242 	  93 	 250.00 	 	 247.00 	 	 253.00 
 50 	 261 	 182.00 	 	 261.00 	 	 43.00 
262 	  86 	 268.00 	 	 198.00 	 	 270.00 
109 	 272 	 220.00 	 	 274.00 	 	 