------------------------------------------------------------------- 
Name: 25 
Date: 2018-04-13 
Number of Terminations: 104 
Number of Bifurcations: 47 
------------------------------------------------------------------- 
------------------------------------------------------------------- 
Terminations : 
------------------------------------------------------------------- 
X          Y     Angle 
133 	  18 	 0.52 
232 	  22 	 2.36 
NaN 	 NaN 	 NaN 
167 	  32 	 -2.62 
161 	  35 	 0.52 
193 	  35 	 3.14 
NaN 	 NaN 	 NaN 
176 	  40 	 0.00 
 61 	  42 	 3.14 
247 	  42 	 1.05 
237 	  43 	 2.36 
127 	  44 	 0.52 
238 	  51 	 3.14 
211 	  58 	 0.00 
205 	  61 	 3.14 
NaN 	 NaN 	 NaN 
 92 	  64 	 -2.09 
121 	  64 	 0.52 
232 	  66 	 2.36 
100 	  67 	 0.79 
 70 	  68 	 1.05 
146 	  68 	 0.79 
212 	  69 	 2.09 
223 	  74 	 -0.52 
103 	  78 	 1.57 
233 	  79 	 2.36 
NaN 	 NaN 	 NaN 
 86 	  86 	 -2.09 
194 	  88 	 0.00 
204 	  89 	 3.14 
252 	  91 	 1.57 
159 	  92 	 -2.36 
153 	  96 	 0.52 
169 	  97 	 0.79 
 77 	  98 	 0.79 
192 	  98 	 -2.62 
NaN 	 NaN 	 NaN 
NaN 	 NaN 	 NaN 
NaN 	 NaN 	 NaN 
NaN 	 NaN 	 NaN 
NaN 	 NaN 	 NaN 
192 	 111 	 -2.62 
183 	 114 	 0.00 
NaN 	 NaN 	 NaN 
174 	 118 	 -2.36 
NaN 	 NaN 	 NaN 
169 	 123 	 0.79 
194 	 123 	 3.14 
NaN 	 NaN 	 NaN 
200 	 126 	 -0.52 
NaN 	 NaN 	 NaN 
181 	 127 	 0.52 
NaN 	 NaN 	 NaN 
179 	 143 	 -2.62 
 52 	 148 	 1.05 
157 	 152 	 -2.36 
 99 	 155 	 1.57 
NaN 	 NaN 	 NaN 
166 	 156 	 1.05 
NaN 	 NaN 	 NaN 
204 	 161 	 -1.05 
 95 	 162 	 -1.57 
 54 	 163 	 1.05 
NaN 	 NaN 	 NaN 
 68 	 168 	 -2.09 
 58 	 169 	 -0.79 
NaN 	 NaN 	 NaN 
NaN 	 NaN 	 NaN 
198 	 177 	 -1.05 
234 	 179 	 -1.57 
188 	 180 	 -1.57 
235 	 186 	 2.09 
 59 	 187 	 1.57 
225 	 189 	 1.57 
NaN 	 NaN 	 NaN 
NaN 	 NaN 	 NaN 
204 	 194 	 1.05 
 62 	 195 	 1.05 
164 	 195 	 0.52 
212 	 196 	 2.09 
 96 	 201 	 1.57 
203 	 201 	 -2.09 
 77 	 205 	 -2.09 
149 	 205 	 -1.05 
225 	 213 	 -2.09 
NaN 	 NaN 	 NaN 
154 	 220 	 3.14 
NaN 	 NaN 	 NaN 
 96 	 222 	 -2.09 
NaN 	 NaN 	 NaN 
NaN 	 NaN 	 NaN 
 94 	 228 	 1.57 
231 	 231 	 -2.09 
 90 	 235 	 -1.57 
228 	 239 	 1.05 
237 	 242 	 1.05 
 86 	 243 	 0.79 
112 	 245 	 1.05 
185 	 245 	 -2.62 
 96 	 248 	 -2.09 
125 	 255 	 2.62 
189 	 257 	 0.79 
NaN 	 NaN 	 NaN 
226 	 259 	 -2.09 
------------------------------------------------------------------- 
Bifurcations : 
------------------------------------------------------------------- 
X          Y     Angle 1     Angle 2    Angle 3 
NaN 	 NaN 	 NaN 	 	 NaN 	 	 0.00 
167 	  15 	 -2.36 	 	 NaN 	 	 0.00 
191 	  17 	 3.14 	 	 -1.57 	 	 0.52 
105 	  20 	 2.36 	 	 -2.09 	 	 0.52 
202 	  28 	 3.14 	 	 -1.57 	 	 0.52 
210 	  29 	 2.62 	 	 -2.09 	 	 0.00 
107 	  32 	 2.36 	 	 -2.09 	 	 0.52 
NaN 	 NaN 	 0.00 	 	 0.00 	 	 0.00 
168 	  39 	 3.14 	 	 0.52 	 	 -0.79 
210 	  41 	 2.36 	 	 -1.57 	 	 0.52 
 51 	  42 	 2.36 	 	 -1.57 	 	 0.00 
NaN 	 NaN 	 0.00 	 	 0.00 	 	 0.00 
NaN 	 NaN 	 0.00 	 	 0.00 	 	 0.00 
130 	  76 	 -2.62 	 	 1.57 	 	 0.79 
240 	  76 	 2.62 	 	 0.79 	 	 -0.79 
270 	  91 	 3.14 	 	 -1.57 	 	 0.52 
254 	 102 	 2.36 	 	 -2.36 	 	 0.00 
NaN 	 NaN 	 0.00 	 	 0.00 	 	 0.00 
249 	 109 	 2.36 	 	 0.79 	 	 -0.79 
259 	 119 	 3.14 	 	 -1.57 	 	 1.05 
265 	 129 	 2.62 	 	 -1.05 	 	 0.79 
268 	 141 	 3.14 	 	 1.57 	 	 -1.05 
175 	 156 	 -2.62 	 	 1.57 	 	 0.00 
186 	 169 	 2.36 	 	 -2.09 	 	 0.00 
 70 	 174 	 2.62 	 	 -1.57 	 	 0.79 
227 	 180 	 -2.36 	 	 1.05 	 	 -0.79 
131 	 189 	 -2.36 	 	 1.57 	 	 -1.05 
172 	 201 	 3.14 	 	 -1.05 	 	 0.79 
254 	 201 	 2.09 	 	 -2.09 	 	 0.00 
110 	 204 	 3.14 	 	 1.05 	 	 -1.05 
255 	 211 	 -2.62 	 	 1.57 	 	 -0.79 
202 	 216 	 2.09 	 	 -2.09 	 	 0.79 
117 	 223 	 -2.36 	 	 1.05 	 	 -0.79 
127 	 228 	 2.09 	 	 -2.09 	 	 0.00 
 47 	 241 	 3.14 	 	 1.05 	 	 -1.05 
252 	 241 	 3.14 	 	 2.09 	 	 -0.79 
158 	 247 	 3.14 	 	 1.57 	 	 0.52 
 48 	 257 	 -2.09 	 	 1.57 	 	 0.00 
106 	 258 	 3.14 	 	 1.05 	 	 -0.52 
 79 	 259 	 -2.36 	 	 1.05 	 	 -0.79 
 68 	 262 	 2.62 	 	 1.05 	 	 -1.05 
 84 	 264 	 2.36 	 	 -2.36 	 	 0.52 
227 	 265 	 2.36 	 	 -2.36 	 	 0.79 
 70 	 268 	 2.09 	 	 -2.09 	 	 0.79 
165 	 280 	 -2.62 	 	 -1.57 	 	 0.00 
NaN 	 NaN 	 0.00 	 	 0.00 	 	 0.00 
183 	 284 	 3.14 	 	 -1.57 	 	 0.52 
