------------------------------------------------------------------- 
Name: 26 
Date: 2018-04-13 
Number of Terminations: 93 
Number of Bifurcations: 70 
------------------------------------------------------------------- 
------------------------------------------------------------------- 
Terminations : 
------------------------------------------------------------------- 
X          Y     Angle 
NaN 	 NaN 	 NaN 
236 	  21 	 3.14 
185 	  26 	 1.57 
145 	  32 	 0.52 
165 	  37 	 0.52 
231 	  39 	 2.36 
152 	  40 	 3.14 
146 	  41 	 0.00 
222 	  43 	 2.62 
213 	  47 	 2.36 
 73 	  56 	 0.79 
160 	  56 	 0.52 
232 	  58 	 -2.62 
129 	  60 	 -2.62 
NaN 	 NaN 	 NaN 
211 	  62 	 2.36 
190 	  63 	 -0.79 
NaN 	 NaN 	 NaN 
NaN 	 NaN 	 NaN 
225 	  67 	 -0.52 
202 	  69 	 2.62 
NaN 	 NaN 	 NaN 
164 	  77 	 0.00 
173 	  77 	 -2.62 
237 	  78 	 2.09 
 61 	  85 	 0.79 
139 	  85 	 0.52 
NaN 	 NaN 	 NaN 
122 	  87 	 0.79 
NaN 	 NaN 	 NaN 
141 	  96 	 0.52 
210 	  99 	 -0.79 
110 	 100 	 -2.36 
160 	 100 	 -2.62 
NaN 	 NaN 	 NaN 
135 	 101 	 -2.62 
215 	 105 	 2.09 
128 	 108 	 0.79 
 70 	 110 	 1.57 
274 	 110 	 0.00 
164 	 111 	 3.14 
170 	 114 	 -0.52 
NaN 	 NaN 	 NaN 
NaN 	 NaN 	 NaN 
151 	 115 	 0.52 
NaN 	 NaN 	 NaN 
NaN 	 NaN 	 NaN 
250 	 120 	 1.57 
266 	 122 	 -1.05 
258 	 124 	 1.57 
NaN 	 NaN 	 NaN 
135 	 129 	 -2.36 
NaN 	 NaN 	 NaN 
NaN 	 NaN 	 NaN 
234 	 138 	 -0.79 
127 	 142 	 -1.57 
NaN 	 NaN 	 NaN 
 71 	 146 	 1.05 
 68 	 152 	 -1.57 
NaN 	 NaN 	 NaN 
122 	 157 	 1.05 
261 	 159 	 -1.57 
182 	 164 	 2.09 
169 	 165 	 -1.05 
 84 	 167 	 -1.57 
159 	 167 	 -1.57 
183 	 170 	 -1.57 
109 	 172 	 -1.57 
109 	 178 	 1.57 
118 	 178 	 -1.57 
246 	 179 	 -1.57 
175 	 181 	 1.57 
182 	 182 	 2.09 
135 	 183 	 0.52 
174 	 188 	 -2.09 
 44 	 191 	 1.05 
 69 	 191 	 1.05 
 51 	 194 	 -2.09 
205 	 199 	 -1.57 
195 	 200 	 -2.09 
204 	 205 	 1.05 
127 	 208 	 3.14 
174 	 215 	 1.05 
201 	 218 	 -2.09 
198 	 225 	 1.05 
157 	 232 	 -2.62 
 86 	 234 	 1.05 
NaN 	 NaN 	 NaN 
 99 	 243 	 3.14 
161 	 244 	 0.79 
NaN 	 NaN 	 NaN 
NaN 	 NaN 	 NaN 
NaN 	 NaN 	 NaN 
------------------------------------------------------------------- 
Bifurcations : 
------------------------------------------------------------------- 
X          Y     Angle 1     Angle 2    Angle 3 
169 	  20 	 -2.62 	 	 NaN 	 	 NaN 
NaN 	 NaN 	 0.00 	 	 NaN 	 	 0.00 
NaN 	 NaN 	 0.00 	 	 NaN 	 	 0.00 
251 	  21 	 3.14 	 	 -1.57 	 	 -0.52 
 84 	  24 	 3.14 	 	 -1.57 	 	 1.05 
NaN 	 NaN 	 0.00 	 	 0.00 	 	 0.00 
215 	  29 	 3.14 	 	 1.05 	 	 -0.79 
NaN 	 NaN 	 0.00 	 	 0.00 	 	 0.00 
101 	  32 	 2.36 	 	 3.14 	 	 0.52 
204 	  33 	 3.14 	 	 -2.36 	 	 -0.52 
NaN 	 NaN 	 0.00 	 	 0.00 	 	 0.00 
201 	  39 	 3.14 	 	 1.57 	 	 -0.79 
 77 	  40 	 -2.09 	 	 1.05 	 	 -0.52 
NaN 	 NaN 	 0.00 	 	 0.00 	 	 0.00 
NaN 	 NaN 	 0.00 	 	 0.00 	 	 0.00 
207 	  44 	 2.36 	 	 -1.57 	 	 0.00 
NaN 	 NaN 	 0.00 	 	 0.00 	 	 0.00 
NaN 	 NaN 	 0.00 	 	 0.00 	 	 0.00 
NaN 	 NaN 	 0.00 	 	 0.00 	 	 0.00 
219 	  76 	 -2.36 	 	 2.09 	 	 0.00 
147 	  78 	 2.62 	 	 -2.09 	 	 0.79 
160 	  84 	 2.62 	 	 -2.09 	 	 0.52 
NaN 	 NaN 	 0.00 	 	 0.00 	 	 0.00 
 57 	 121 	 -2.36 	 	 1.57 	 	 0.00 
 64 	 125 	 2.62 	 	 -2.09 	 	 0.79 
160 	 133 	 -2.62 	 	 1.57 	 	 -0.52 
 54 	 140 	 2.36 	 	 -1.57 	 	 0.52 
258 	 147 	 -2.62 	 	 1.57 	 	 -0.79 
251 	 149 	 2.09 	 	 -1.05 	 	 0.00 
264 	 150 	 3.14 	 	 0.79 	 	 -0.79 
157 	 156 	 2.62 	 	 -2.09 	 	 0.00 
NaN 	 NaN 	 0.00 	 	 0.00 	 	 0.00 
NaN 	 NaN 	 0.00 	 	 0.00 	 	 0.00 
271 	 184 	 3.14 	 	 2.09 	 	 0.00 
145 	 188 	 3.14 	 	 -1.57 	 	 1.05 
259 	 192 	 2.36 	 	 -2.09 	 	 0.79 
 83 	 194 	 3.14 	 	 1.05 	 	 -1.05 
 60 	 196 	 2.36 	 	 -1.05 	 	 0.79 
165 	 198 	 -2.62 	 	 1.05 	 	 -1.05 
173 	 203 	 2.09 	 	 -2.09 	 	 0.79 
 48 	 204 	 -2.36 	 	 1.57 	 	 0.00 
162 	 204 	 -2.36 	 	 2.09 	 	 0.00 
252 	 206 	 2.09 	 	 -1.57 	 	 0.00 
NaN 	 NaN 	 0.00 	 	 0.00 	 	 0.00 
 43 	 211 	 3.14 	 	 -1.57 	 	 1.05 
 90 	 212 	 -2.36 	 	 1.05 	 	 -0.79 
NaN 	 NaN 	 0.00 	 	 0.00 	 	 0.00 
101 	 217 	 2.09 	 	 -2.09 	 	 0.00 
NaN 	 NaN 	 0.00 	 	 0.00 	 	 0.00 
NaN 	 NaN 	 0.00 	 	 0.00 	 	 0.00 
 70 	 230 	 -2.36 	 	 1.57 	 	 0.00 
 76 	 230 	 3.14 	 	 -1.05 	 	 0.79 
NaN 	 NaN 	 0.00 	 	 0.00 	 	 0.00 
 50 	 238 	 -2.36 	 	 1.57 	 	 0.00 
 57 	 243 	 2.09 	 	 -2.09 	 	 0.52 
251 	 246 	 2.36 	 	 3.14 	 	 0.00 
 64 	 252 	 -2.62 	 	 0.79 	 	 -0.79 
 54 	 254 	 -2.36 	 	 2.09 	 	 0.00 
NaN 	 NaN 	 0.00 	 	 0.00 	 	 0.00 
 85 	 258 	 2.62 	 	 -2.09 	 	 0.00 
 75 	 259 	 -2.36 	 	 1.57 	 	 0.52 
 92 	 261 	 2.36 	 	 -2.09 	 	 0.52 
 99 	 261 	 2.62 	 	 -1.57 	 	 0.00 
NaN 	 NaN 	 0.00 	 	 0.00 	 	 0.00 
NaN 	 NaN 	 0.00 	 	 0.00 	 	 0.00 
130 	 270 	 3.14 	 	 -1.57 	 	 0.52 
108 	 273 	 -2.36 	 	 1.57 	 	 0.00 
144 	 275 	 3.14 	 	 -1.57 	 	 0.52 
151 	 280 	 3.14 	 	 -1.57 	 	 0.52 
201 	 283 	 3.14 	 	 1.05 	 	 -0.79 
