------------------------------------------------------------------- 
Name: 27 
Date: 2018-04-13 
Number of Terminations: 100 
Number of Bifurcations: 65 
------------------------------------------------------------------- 
------------------------------------------------------------------- 
Terminations : 
------------------------------------------------------------------- 
X          Y     Angle 
208 	  21 	 -0.52 
 78 	  30 	 1.57 
228 	  31 	 3.14 
187 	  37 	 -0.79 
221 	  37 	 2.62 
158 	  38 	 2.62 
226 	  42 	 -0.52 
NaN 	 NaN 	 NaN 
166 	  45 	 0.00 
157 	  47 	 3.14 
190 	  50 	 2.62 
196 	  54 	 -0.79 
185 	  59 	 3.14 
NaN 	 NaN 	 NaN 
215 	  65 	 3.14 
240 	  65 	 2.36 
169 	  67 	 0.00 
 64 	  68 	 1.05 
179 	  68 	 3.14 
229 	  69 	 2.62 
228 	  77 	 -0.52 
NaN 	 NaN 	 NaN 
265 	  80 	 -0.52 
NaN 	 NaN 	 NaN 
139 	  88 	 -2.62 
262 	  89 	 -0.79 
 84 	  92 	 -2.09 
131 	  94 	 0.79 
 69 	  96 	 -2.62 
 92 	  97 	 1.05 
248 	  99 	 1.57 
167 	 100 	 -2.62 
111 	 101 	 -2.09 
138 	 101 	 0.52 
273 	 101 	 0.79 
NaN 	 NaN 	 NaN 
100 	 103 	 -2.09 
 88 	 104 	 1.57 
172 	 104 	 0.00 
 74 	 106 	 -2.36 
270 	 108 	 1.57 
138 	 114 	 -2.36 
NaN 	 NaN 	 NaN 
176 	 124 	 2.36 
NaN 	 NaN 	 NaN 
118 	 125 	 -2.09 
 72 	 126 	 1.57 
NaN 	 NaN 	 NaN 
116 	 131 	 1.05 
137 	 132 	 1.05 
 68 	 133 	 -2.09 
236 	 133 	 -1.05 
NaN 	 NaN 	 NaN 
185 	 136 	 -1.05 
NaN 	 NaN 	 NaN 
147 	 138 	 0.00 
122 	 142 	 1.57 
143 	 143 	 -2.36 
NaN 	 NaN 	 NaN 
167 	 153 	 -1.05 
157 	 157 	 -1.57 
NaN 	 NaN 	 NaN 
NaN 	 NaN 	 NaN 
NaN 	 NaN 	 NaN 
 46 	 163 	 1.05 
NaN 	 NaN 	 NaN 
134 	 169 	 0.52 
NaN 	 NaN 	 NaN 
116 	 170 	 1.57 
173 	 170 	 1.57 
NaN 	 NaN 	 NaN 
 66 	 174 	 1.05 
245 	 175 	 -2.09 
NaN 	 NaN 	 NaN 
 48 	 176 	 -2.09 
118 	 176 	 -1.05 
172 	 176 	 -2.09 
NaN 	 NaN 	 NaN 
191 	 192 	 -2.09 
123 	 193 	 3.14 
159 	 199 	 -2.09 
256 	 202 	 1.57 
169 	 205 	 1.05 
197 	 210 	 -2.09 
NaN 	 NaN 	 NaN 
NaN 	 NaN 	 NaN 
181 	 215 	 1.05 
 81 	 217 	 1.05 
NaN 	 NaN 	 NaN 
151 	 219 	 -2.36 
 94 	 227 	 2.62 
153 	 232 	 0.00 
NaN 	 NaN 	 NaN 
NaN 	 NaN 	 NaN 
NaN 	 NaN 	 NaN 
241 	 238 	 -1.57 
108 	 240 	 -2.62 
254 	 248 	 -0.79 
209 	 250 	 -2.62 
NaN 	 NaN 	 NaN 
------------------------------------------------------------------- 
Bifurcations : 
------------------------------------------------------------------- 
X          Y     Angle 1     Angle 2    Angle 3 
NaN 	 NaN 	 NaN 	 	 NaN 	 	 NaN 
NaN 	 NaN 	 0.00 	 	 NaN 	 	 0.00 
NaN 	 NaN 	 0.00 	 	 NaN 	 	 0.00 
170 	  19 	 -2.36 	 	 1.57 	 	 0.00 
176 	  19 	 3.14 	 	 -1.57 	 	 0.00 
NaN 	 NaN 	 0.00 	 	 0.00 	 	 0.00 
156 	  24 	 3.14 	 	 -1.05 	 	 0.52 
NaN 	 NaN 	 0.00 	 	 0.00 	 	 0.00 
186 	  31 	 -2.62 	 	 1.57 	 	 -0.52 
215 	  36 	 2.36 	 	 -1.57 	 	 0.00 
103 	  39 	 3.14 	 	 -2.09 	 	 0.79 
NaN 	 NaN 	 0.00 	 	 0.00 	 	 0.00 
171 	  40 	 3.14 	 	 -1.57 	 	 0.00 
133 	  43 	 -2.62 	 	 -1.57 	 	 0.79 
137 	  49 	 2.36 	 	 -2.36 	 	 0.00 
NaN 	 NaN 	 0.00 	 	 0.00 	 	 0.00 
NaN 	 NaN 	 0.00 	 	 0.00 	 	 0.00 
NaN 	 NaN 	 0.00 	 	 0.00 	 	 0.00 
149 	  75 	 2.36 	 	 -2.36 	 	 0.00 
NaN 	 NaN 	 0.00 	 	 0.00 	 	 0.00 
 97 	  84 	 -2.36 	 	 1.05 	 	 -0.79 
213 	  84 	 2.36 	 	 0.79 	 	 -0.79 
 63 	  96 	 -2.36 	 	 1.57 	 	 -0.52 
 59 	 102 	 -2.36 	 	 1.57 	 	 0.00 
 66 	 105 	 3.14 	 	 -1.57 	 	 0.79 
NaN 	 NaN 	 0.00 	 	 0.00 	 	 0.00 
147 	 131 	 -2.62 	 	 1.57 	 	 0.00 
NaN 	 NaN 	 0.00 	 	 0.00 	 	 0.00 
156 	 144 	 2.36 	 	 -2.09 	 	 0.00 
151 	 153 	 2.36 	 	 -1.57 	 	 0.79 
195 	 158 	 -2.36 	 	 1.57 	 	 -1.05 
120 	 162 	 3.14 	 	 1.05 	 	 -1.05 
NaN 	 NaN 	 0.00 	 	 0.00 	 	 0.00 
NaN 	 NaN 	 0.00 	 	 0.00 	 	 0.00 
 80 	 177 	 -2.62 	 	 1.05 	 	 -0.79 
 46 	 185 	 -2.36 	 	 1.57 	 	 -0.52 
271 	 186 	 -2.36 	 	 2.09 	 	 0.00 
170 	 190 	 2.09 	 	 -2.09 	 	 0.52 
NaN 	 NaN 	 0.00 	 	 0.00 	 	 0.00 
219 	 191 	 -2.36 	 	 1.57 	 	 -0.79 
 87 	 195 	 -2.36 	 	 1.57 	 	 -0.79 
 48 	 200 	 -2.36 	 	 1.57 	 	 0.00 
 97 	 200 	 2.09 	 	 -2.09 	 	 0.00 
160 	 205 	 -2.36 	 	 2.09 	 	 0.79 
NaN 	 NaN 	 0.00 	 	 0.00 	 	 0.00 
 58 	 221 	 -2.36 	 	 1.05 	 	 -0.79 
 53 	 225 	 2.36 	 	 -2.36 	 	 0.52 
 58 	 234 	 3.14 	 	 -1.57 	 	 0.79 
260 	 237 	 2.62 	 	 2.09 	 	 -0.52 
 77 	 239 	 3.14 	 	 1.57 	 	 -0.52 
 60 	 253 	 -2.62 	 	 1.57 	 	 0.00 
129 	 254 	 3.14 	 	 -1.57 	 	 0.52 
 86 	 255 	 -2.62 	 	 1.57 	 	 0.00 
NaN 	 NaN 	 0.00 	 	 0.00 	 	 0.00 
129 	 263 	 3.14 	 	 1.57 	 	 0.00 
117 	 264 	 3.14 	 	 -1.57 	 	 0.00 
 95 	 267 	 3.14 	 	 -1.57 	 	 0.52 
NaN 	 NaN 	 0.00 	 	 0.00 	 	 0.00 
145 	 276 	 3.14 	 	 -1.57 	 	 0.00 
172 	 277 	 3.14 	 	 -1.57 	 	 0.52 
132 	 278 	 2.62 	 	 -1.05 	 	 0.52 
185 	 279 	 3.14 	 	 -1.05 	 	 0.79 
135 	 286 	 3.14 	 	 1.57 	 	 0.00 
186 	 286 	 -2.62 	 	 1.57 	 	 0.52 
179 	 289 	 -2.36 	 	 2.09 	 	 0.00 
