------------------------------------------------------------------- 
Name: 28 
Date: 2018-04-13 
Number of Terminations: 89 
Number of Bifurcations: 56 
------------------------------------------------------------------- 
------------------------------------------------------------------- 
Terminations : 
------------------------------------------------------------------- 
X          Y     Angle 
237 	  13 	 3.14 
 75 	  20 	 2.36 
164 	  22 	 0.79 
218 	  25 	 2.62 
207 	  28 	 0.00 
NaN 	 NaN 	 NaN 
227 	  39 	 2.62 
185 	  44 	 0.00 
 79 	  45 	 0.79 
179 	  47 	 2.62 
229 	  53 	 2.09 
NaN 	 NaN 	 NaN 
209 	  55 	 0.00 
189 	  56 	 2.62 
NaN 	 NaN 	 NaN 
196 	  61 	 -0.52 
159 	  62 	 -2.62 
165 	  62 	 0.52 
232 	  62 	 -1.57 
206 	  66 	 2.36 
 66 	  73 	 1.05 
168 	  73 	 0.00 
178 	  74 	 3.14 
227 	  77 	 2.09 
260 	  77 	 0.52 
NaN 	 NaN 	 NaN 
143 	  79 	 0.52 
228 	  83 	 -0.79 
 92 	  89 	 -2.36 
137 	  94 	 -2.36 
 86 	  95 	 0.79 
163 	  95 	 3.14 
155 	  97 	 0.52 
213 	  98 	 -0.79 
132 	  99 	 0.79 
147 	 100 	 -2.62 
217 	 103 	 2.09 
237 	 104 	 2.09 
162 	 107 	 2.62 
171 	 109 	 -0.52 
241 	 109 	 -1.05 
NaN 	 NaN 	 NaN 
 75 	 113 	 -2.09 
NaN 	 NaN 	 NaN 
252 	 120 	 1.57 
149 	 125 	 -2.62 
NaN 	 NaN 	 NaN 
NaN 	 NaN 	 NaN 
129 	 133 	 -2.09 
 73 	 134 	 1.57 
NaN 	 NaN 	 NaN 
NaN 	 NaN 	 NaN 
138 	 137 	 1.05 
236 	 137 	 -1.57 
NaN 	 NaN 	 NaN 
 69 	 140 	 -1.57 
NaN 	 NaN 	 NaN 
 48 	 148 	 1.05 
259 	 148 	 2.09 
NaN 	 NaN 	 NaN 
 85 	 157 	 -1.57 
169 	 158 	 -1.57 
181 	 159 	 2.09 
158 	 163 	 -1.57 
182 	 166 	 -1.57 
117 	 171 	 -1.57 
193 	 173 	 1.57 
174 	 174 	 1.57 
136 	 175 	 0.52 
NaN 	 NaN 	 NaN 
245 	 180 	 -1.57 
 69 	 181 	 1.57 
 51 	 182 	 -2.09 
261 	 182 	 -1.05 
NaN 	 NaN 	 NaN 
192 	 198 	 -2.09 
125 	 200 	 3.14 
186 	 215 	 -2.09 
198 	 215 	 -2.09 
183 	 221 	 1.57 
195 	 221 	 1.05 
 84 	 224 	 1.57 
152 	 227 	 -2.62 
NaN 	 NaN 	 NaN 
 96 	 234 	 3.14 
NaN 	 NaN 	 NaN 
157 	 238 	 0.52 
178 	 241 	 -2.36 
244 	 242 	 -2.09 
------------------------------------------------------------------- 
Bifurcations : 
------------------------------------------------------------------- 
X          Y     Angle 1     Angle 2    Angle 3 
NaN 	 NaN 	 NaN 	 	 NaN 	 	 0.00 
185 	  16 	 2.62 	 	 NaN 	 	 0.52 
NaN 	 NaN 	 0.00 	 	 0.00 	 	 0.00 
NaN 	 NaN 	 0.00 	 	 0.00 	 	 0.00 
 90 	  22 	 -2.36 	 	 2.09 	 	 -0.79 
 95 	  27 	 2.36 	 	 -2.09 	 	 0.52 
124 	  33 	 2.36 	 	 -2.36 	 	 0.52 
 90 	  34 	 -2.62 	 	 1.05 	 	 -0.79 
NaN 	 NaN 	 0.00 	 	 0.00 	 	 0.00 
 83 	  40 	 2.62 	 	 -2.09 	 	 0.79 
209 	  48 	 2.36 	 	 -2.36 	 	 -0.52 
109 	  54 	 -2.36 	 	 -1.05 	 	 0.79 
128 	  61 	 -2.62 	 	 -1.57 	 	 0.52 
150 	  72 	 3.14 	 	 -1.57 	 	 0.52 
219 	  72 	 3.14 	 	 1.57 	 	 -0.52 
NaN 	 NaN 	 0.00 	 	 0.00 	 	 0.00 
164 	  79 	 2.62 	 	 -2.09 	 	 0.00 
 64 	 103 	 -2.36 	 	 1.57 	 	 -0.52 
 56 	 128 	 2.36 	 	 -1.57 	 	 0.52 
147 	 137 	 -2.62 	 	 1.57 	 	 0.00 
209 	 138 	 2.36 	 	 3.14 	 	 -1.05 
157 	 150 	 2.62 	 	 -2.09 	 	 0.00 
196 	 163 	 3.14 	 	 1.05 	 	 -1.05 
103 	 170 	 -2.36 	 	 1.57 	 	 -1.05 
143 	 181 	 3.14 	 	 -1.57 	 	 0.79 
 82 	 184 	 3.14 	 	 1.05 	 	 -0.79 
 48 	 192 	 -2.36 	 	 1.57 	 	 0.00 
220 	 195 	 -2.36 	 	 1.57 	 	 -0.79 
NaN 	 NaN 	 0.00 	 	 0.00 	 	 0.00 
171 	 199 	 2.09 	 	 -2.09 	 	 0.79 
 89 	 202 	 -2.36 	 	 1.57 	 	 -0.79 
 99 	 207 	 2.09 	 	 -2.09 	 	 0.00 
NaN 	 NaN 	 0.00 	 	 0.00 	 	 0.00 
NaN 	 NaN 	 0.00 	 	 0.00 	 	 0.00 
 52 	 219 	 2.62 	 	 -2.09 	 	 0.79 
NaN 	 NaN 	 0.00 	 	 0.00 	 	 0.00 
NaN 	 NaN 	 0.00 	 	 0.00 	 	 0.00 
 49 	 231 	 -2.36 	 	 1.57 	 	 0.00 
NaN 	 NaN 	 0.00 	 	 0.00 	 	 0.00 
NaN 	 NaN 	 0.00 	 	 0.00 	 	 0.00 
 40 	 242 	 -2.62 	 	 1.05 	 	 0.00 
 90 	 251 	 2.62 	 	 -2.09 	 	 0.00 
NaN 	 NaN 	 0.00 	 	 0.00 	 	 0.00 
 89 	 260 	 -2.62 	 	 1.05 	 	 0.52 
 70 	 261 	 2.09 	 	 -1.57 	 	 0.79 
125 	 262 	 2.62 	 	 -1.57 	 	 0.00 
118 	 263 	 3.14 	 	 -1.57 	 	 0.52 
109 	 264 	 3.14 	 	 0.52 	 	 -0.79 
211 	 264 	 2.36 	 	 -2.09 	 	 0.52 
103 	 265 	 -2.36 	 	 1.57 	 	 0.00 
136 	 270 	 3.14 	 	 0.79 	 	 -0.79 
155 	 272 	 -2.62 	 	 -1.57 	 	 0.52 
NaN 	 NaN 	 0.00 	 	 0.00 	 	 0.00 
201 	 274 	 -2.36 	 	 -1.05 	 	 0.79 
124 	 275 	 -2.62 	 	 1.57 	 	 0.00 
168 	 276 	 3.14 	 	 0.79 	 	 -0.79 
