------------------------------------------------------------------- 
Name: 29 
Date: 2018-04-13 
Number of Terminations: 80 
Number of Bifurcations: 37 
------------------------------------------------------------------- 
------------------------------------------------------------------- 
Terminations : 
------------------------------------------------------------------- 
X          Y     Angle 
228 	  26 	 1.57 
195 	  37 	 3.14 
 99 	  38 	 1.05 
202 	  39 	 -0.52 
165 	  40 	 0.52 
 60 	  41 	 3.14 
138 	  43 	 -2.09 
115 	  49 	 1.57 
145 	  51 	 -2.36 
185 	  52 	 -2.62 
NaN 	 NaN 	 NaN 
 85 	  61 	 -0.79 
202 	  72 	 -0.79 
100 	  74 	 1.57 
NaN 	 NaN 	 NaN 
163 	  76 	 1.05 
NaN 	 NaN 	 NaN 
 96 	  82 	 -1.57 
253 	  88 	 -1.05 
199 	  89 	 -1.57 
212 	  90 	 2.09 
188 	  94 	 -1.57 
235 	  94 	 -1.57 
112 	  96 	 -1.57 
213 	  97 	 -1.57 
138 	  99 	 -2.09 
235 	 100 	 1.57 
225 	 103 	 1.57 
146 	 104 	 -1.57 
205 	 105 	 1.57 
165 	 107 	 0.00 
NaN 	 NaN 	 NaN 
146 	 110 	 1.57 
212 	 110 	 2.09 
 64 	 114 	 1.05 
NaN 	 NaN 	 NaN 
148 	 116 	 -1.05 
222 	 117 	 -1.57 
 97 	 120 	 1.57 
177 	 122 	 1.57 
NaN 	 NaN 	 NaN 
 78 	 127 	 -1.57 
NaN 	 NaN 	 NaN 
211 	 128 	 1.57 
224 	 130 	 -2.09 
154 	 134 	 2.62 
NaN 	 NaN 	 NaN 
NaN 	 NaN 	 NaN 
NaN 	 NaN 	 NaN 
NaN 	 NaN 	 NaN 
184 	 159 	 -2.62 
113 	 162 	 1.05 
 61 	 164 	 1.05 
127 	 171 	 3.14 
189 	 171 	 0.52 
 64 	 175 	 1.57 
210 	 175 	 -2.36 
NaN 	 NaN 	 NaN 
NaN 	 NaN 	 NaN 
245 	 186 	 -2.09 
 62 	 189 	 0.79 
 64 	 199 	 0.79 
 64 	 206 	 0.79 
 81 	 206 	 0.52 
 63 	 217 	 -0.52 
 87 	 220 	 0.00 
NaN 	 NaN 	 NaN 
 67 	 228 	 0.00 
227 	 230 	 0.00 
189 	 231 	 0.52 
NaN 	 NaN 	 NaN 
 70 	 237 	 -0.52 
NaN 	 NaN 	 NaN 
NaN 	 NaN 	 NaN 
 67 	 247 	 -1.05 
134 	 249 	 0.52 
 95 	 257 	 0.00 
166 	 257 	 0.00 
160 	 258 	 3.14 
108 	 259 	 3.14 
------------------------------------------------------------------- 
Bifurcations : 
------------------------------------------------------------------- 
X          Y     Angle 1     Angle 2    Angle 3 
225 	  13 	 3.14 	 	 NaN 	 	 -0.79 
197 	  19 	 -2.62 	 	 NaN 	 	 -0.52 
NaN 	 NaN 	 0.00 	 	 NaN 	 	 0.00 
NaN 	 NaN 	 0.00 	 	 0.00 	 	 0.00 
221 	  23 	 3.14 	 	 -2.36 	 	 1.05 
NaN 	 NaN 	 0.00 	 	 0.00 	 	 0.00 
NaN 	 NaN 	 0.00 	 	 0.00 	 	 0.00 
235 	  37 	 3.14 	 	 -1.57 	 	 0.79 
NaN 	 NaN 	 0.00 	 	 0.00 	 	 0.00 
NaN 	 NaN 	 0.00 	 	 0.00 	 	 0.00 
NaN 	 NaN 	 0.00 	 	 0.00 	 	 0.00 
 80 	  56 	 2.36 	 	 -1.57 	 	 0.52 
177 	  68 	 -2.62 	 	 1.57 	 	 -0.52 
228 	  95 	 -2.62 	 	 1.57 	 	 -0.79 
 71 	  97 	 2.62 	 	 -1.57 	 	 0.79 
268 	 110 	 2.36 	 	 -2.09 	 	 0.79 
173 	 113 	 -2.62 	 	 -1.57 	 	 0.79 
111 	 122 	 3.14 	 	 1.05 	 	 -1.05 
254 	 126 	 -2.36 	 	 1.57 	 	 -0.79 
118 	 139 	 -2.36 	 	 1.57 	 	 -1.05 
128 	 143 	 2.09 	 	 -2.09 	 	 0.00 
264 	 172 	 -2.36 	 	 1.57 	 	 0.00 
 69 	 183 	 -2.62 	 	 1.05 	 	 -0.52 
260 	 198 	 -2.62 	 	 1.05 	 	 -0.52 
266 	 202 	 2.36 	 	 -2.36 	 	 0.00 
264 	 215 	 3.14 	 	 1.57 	 	 -0.79 
253 	 217 	 -2.62 	 	 -1.05 	 	 0.52 
264 	 230 	 3.14 	 	 2.09 	 	 0.00 
NaN 	 NaN 	 0.00 	 	 0.00 	 	 0.00 
NaN 	 NaN 	 0.00 	 	 0.00 	 	 0.00 
254 	 261 	 2.62 	 	 -2.36 	 	 0.00 
 74 	 267 	 2.62 	 	 1.05 	 	 -0.79 
121 	 271 	 -2.62 	 	 1.05 	 	 -0.79 
240 	 274 	 2.62 	 	 -1.57 	 	 0.00 
NaN 	 NaN 	 0.00 	 	 0.00 	 	 0.00 
NaN 	 NaN 	 0.00 	 	 0.00 	 	 0.00 
194 	 281 	 3.14 	 	 -1.57 	 	 0.52 
