------------------------------------------------------------------- 
Name: 30 
Date: 2018-04-13 
Number of Terminations: 95 
Number of Bifurcations: 34 
------------------------------------------------------------------- 
------------------------------------------------------------------- 
Terminations : 
------------------------------------------------------------------- 
X          Y     Angle 
206 	  27 	 1.57 
100 	  29 	 0.52 
218 	  31 	 2.36 
224 	  33 	 -0.52 
169 	  35 	 -2.09 
 61 	  36 	 2.36 
246 	  36 	 -2.62 
255 	  37 	 0.00 
236 	  40 	 2.09 
NaN 	 NaN 	 NaN 
NaN 	 NaN 	 NaN 
 82 	  45 	 1.57 
197 	  48 	 -0.52 
 87 	  49 	 -2.62 
207 	  49 	 3.14 
NaN 	 NaN 	 NaN 
171 	  56 	 0.52 
153 	  57 	 0.52 
NaN 	 NaN 	 NaN 
NaN 	 NaN 	 NaN 
 70 	  63 	 0.79 
238 	  65 	 2.36 
156 	  68 	 -2.62 
119 	  69 	 -2.62 
193 	  71 	 -2.62 
185 	  74 	 0.52 
112 	  76 	 0.79 
NaN 	 NaN 	 NaN 
NaN 	 NaN 	 NaN 
195 	  83 	 3.14 
202 	  86 	 0.00 
NaN 	 NaN 	 NaN 
NaN 	 NaN 	 NaN 
NaN 	 NaN 	 NaN 
 89 	  95 	 -0.79 
100 	  96 	 -2.09 
167 	  99 	 -2.36 
252 	 102 	 -1.05 
179 	 103 	 -2.62 
163 	 105 	 1.05 
207 	 105 	 2.62 
NaN 	 NaN 	 NaN 
NaN 	 NaN 	 NaN 
158 	 112 	 -2.09 
 77 	 113 	 1.05 
 99 	 116 	 1.05 
168 	 116 	 1.05 
NaN 	 NaN 	 NaN 
 56 	 123 	 1.05 
 96 	 123 	 -1.57 
NaN 	 NaN 	 NaN 
206 	 123 	 -1.05 
NaN 	 NaN 	 NaN 
 68 	 132 	 -2.09 
NaN 	 NaN 	 NaN 
213 	 136 	 2.09 
200 	 137 	 -1.57 
NaN 	 NaN 	 NaN 
189 	 141 	 -1.57 
214 	 144 	 -1.57 
226 	 148 	 1.57 
NaN 	 NaN 	 NaN 
206 	 153 	 1.57 
 70 	 154 	 -2.09 
NaN 	 NaN 	 NaN 
212 	 156 	 1.57 
149 	 162 	 -1.05 
204 	 162 	 -2.09 
NaN 	 NaN 	 NaN 
 96 	 163 	 1.57 
NaN 	 NaN 	 NaN 
212 	 175 	 1.57 
225 	 176 	 -2.09 
NaN 	 NaN 	 NaN 
155 	 181 	 2.62 
NaN 	 NaN 	 NaN 
 53 	 183 	 1.05 
NaN 	 NaN 	 NaN 
 55 	 193 	 1.57 
NaN 	 NaN 	 NaN 
NaN 	 NaN 	 NaN 
NaN 	 NaN 	 NaN 
113 	 206 	 1.57 
184 	 207 	 -2.62 
 97 	 210 	 -2.09 
NaN 	 NaN 	 NaN 
 93 	 215 	 0.79 
NaN 	 NaN 	 NaN 
126 	 216 	 2.62 
189 	 218 	 0.52 
212 	 221 	 -2.62 
NaN 	 NaN 	 NaN 
 53 	 228 	 1.05 
246 	 232 	 -2.36 
104 	 237 	 0.00 
------------------------------------------------------------------- 
Bifurcations : 
------------------------------------------------------------------- 
X          Y     Angle 1     Angle 2    Angle 3 
NaN 	 NaN 	 NaN 	 	 NaN 	 	 0.00 
135 	  34 	 3.14 	 	 NaN 	 	 -0.79 
214 	  36 	 2.36 	 	 -2.09 	 	 -0.52 
225 	  41 	 2.62 	 	 -1.57 	 	 0.00 
237 	  48 	 2.36 	 	 -1.57 	 	 0.00 
222 	  49 	 3.14 	 	 1.05 	 	 -0.52 
NaN 	 NaN 	 0.00 	 	 0.00 	 	 0.00 
164 	  66 	 2.36 	 	 -2.09 	 	 0.00 
NaN 	 NaN 	 0.00 	 	 0.00 	 	 0.00 
NaN 	 NaN 	 0.00 	 	 0.00 	 	 0.00 
178 	 115 	 -2.62 	 	 2.09 	 	 -0.52 
269 	 119 	 3.14 	 	 1.57 	 	 -1.05 
263 	 138 	 3.14 	 	 -2.09 	 	 0.52 
 69 	 139 	 2.36 	 	 -1.57 	 	 0.79 
228 	 140 	 -2.62 	 	 1.05 	 	 -0.79 
132 	 149 	 -2.36 	 	 1.57 	 	 -1.05 
174 	 160 	 3.14 	 	 -1.57 	 	 1.05 
110 	 165 	 -2.62 	 	 1.05 	 	 -0.79 
254 	 173 	 -2.36 	 	 1.57 	 	 -0.79 
203 	 177 	 2.09 	 	 -2.09 	 	 0.79 
118 	 183 	 -2.36 	 	 1.57 	 	 -0.79 
129 	 188 	 2.36 	 	 -2.36 	 	 0.00 
255 	 209 	 -2.09 	 	 1.57 	 	 -0.52 
NaN 	 NaN 	 0.00 	 	 0.00 	 	 0.00 
 76 	 231 	 2.36 	 	 -2.09 	 	 0.00 
121 	 234 	 2.62 	 	 -2.09 	 	 0.00 
NaN 	 NaN 	 0.00 	 	 0.00 	 	 0.00 
105 	 244 	 2.62 	 	 -1.57 	 	 0.00 
 65 	 248 	 -2.62 	 	 1.57 	 	 0.00 
239 	 252 	 -2.62 	 	 1.05 	 	 -0.52 
245 	 258 	 -2.62 	 	 2.09 	 	 0.00 
137 	 265 	 -2.62 	 	 1.57 	 	 -0.52 
192 	 283 	 2.62 	 	 -1.57 	 	 0.00 
163 	 285 	 2.62 	 	 -1.57 	 	 0.52 
