------------------------------------------------------------------- 
Name: 31 
Date: 2018-04-13 
Number of Terminations: 91 
Number of Bifurcations: 58 
------------------------------------------------------------------- 
------------------------------------------------------------------- 
Terminations : 
------------------------------------------------------------------- 
X          Y     Angle 
215 	  13 	 3.14 
234 	  23 	 1.57 
186 	  28 	 -0.52 
217 	  32 	 2.36 
245 	  35 	 -0.52 
207 	  40 	 3.14 
166 	  44 	 0.00 
225 	  48 	 2.36 
157 	  51 	 1.57 
223 	  54 	 -1.57 
115 	  59 	 -2.62 
141 	  60 	 0.00 
174 	  60 	 -0.52 
229 	  60 	 2.62 
222 	  63 	 -2.36 
162 	  65 	 2.62 
NaN 	 NaN 	 NaN 
184 	  67 	 2.09 
146 	  71 	 -0.52 
157 	  73 	 3.14 
260 	  73 	 -0.52 
179 	  75 	 0.00 
123 	  76 	 0.52 
NaN 	 NaN 	 NaN 
138 	  83 	 0.52 
203 	  83 	 -1.05 
NaN 	 NaN 	 NaN 
192 	  87 	 2.36 
 65 	  88 	 1.57 
102 	  90 	 0.79 
227 	  93 	 -1.05 
264 	  95 	 -0.52 
110 	  97 	 0.52 
116 	 105 	 0.52 
145 	 105 	 3.14 
150 	 109 	 -0.52 
223 	 116 	 -1.05 
NaN 	 NaN 	 NaN 
 54 	 118 	 1.57 
133 	 120 	 -2.62 
225 	 123 	 1.57 
239 	 123 	 2.09 
NaN 	 NaN 	 NaN 
148 	 140 	 -1.05 
209 	 140 	 -1.57 
110 	 142 	 1.05 
NaN 	 NaN 	 NaN 
NaN 	 NaN 	 NaN 
 99 	 145 	 1.05 
 49 	 146 	 1.05 
121 	 146 	 -2.36 
NaN 	 NaN 	 NaN 
NaN 	 NaN 	 NaN 
NaN 	 NaN 	 NaN 
124 	 152 	 -2.09 
NaN 	 NaN 	 NaN 
251 	 154 	 2.09 
166 	 157 	 1.57 
144 	 158 	 -1.57 
134 	 161 	 -2.09 
265 	 163 	 -1.57 
177 	 164 	 -1.57 
246 	 168 	 -1.57 
253 	 168 	 2.09 
111 	 172 	 0.00 
177 	 173 	 1.57 
148 	 176 	 1.57 
NaN 	 NaN 	 NaN 
236 	 178 	 -1.05 
 95 	 179 	 -1.05 
216 	 182 	 -1.57 
146 	 183 	 -1.57 
NaN 	 NaN 	 NaN 
187 	 193 	 -1.57 
166 	 197 	 -2.09 
NaN 	 NaN 	 NaN 
176 	 198 	 -2.09 
174 	 205 	 1.57 
NaN 	 NaN 	 NaN 
170 	 215 	 -1.57 
125 	 225 	 -2.62 
165 	 225 	 1.05 
233 	 227 	 -1.57 
176 	 229 	 1.57 
143 	 231 	 1.05 
NaN 	 NaN 	 NaN 
129 	 237 	 0.52 
149 	 241 	 -2.36 
212 	 243 	 -1.57 
180 	 256 	 -2.36 
217 	 260 	 -2.09 
------------------------------------------------------------------- 
Bifurcations : 
------------------------------------------------------------------- 
X          Y     Angle 1     Angle 2    Angle 3 
NaN 	 NaN 	 NaN 	 	 NaN 	 	 0.00 
186 	  20 	 3.14 	 	 NaN 	 	 -0.52 
NaN 	 NaN 	 0.00 	 	 0.00 	 	 0.00 
164 	  30 	 3.14 	 	 -1.05 	 	 0.79 
NaN 	 NaN 	 0.00 	 	 0.00 	 	 0.00 
155 	  34 	 -2.62 	 	 1.57 	 	 -0.79 
 91 	  35 	 3.14 	 	 -1.57 	 	 0.79 
164 	  36 	 -2.62 	 	 1.57 	 	 -0.52 
NaN 	 NaN 	 0.00 	 	 0.00 	 	 0.00 
143 	  46 	 3.14 	 	 -1.57 	 	 0.52 
NaN 	 NaN 	 0.00 	 	 0.00 	 	 0.00 
 89 	  50 	 -2.62 	 	 0.79 	 	 -0.79 
NaN 	 NaN 	 0.00 	 	 0.00 	 	 0.00 
115 	  53 	 -2.36 	 	 2.09 	 	 0.00 
109 	  58 	 3.14 	 	 0.79 	 	 -0.79 
198 	  58 	 -2.36 	 	 2.09 	 	 -0.52 
NaN 	 NaN 	 0.00 	 	 0.00 	 	 0.00 
NaN 	 NaN 	 0.00 	 	 0.00 	 	 0.00 
130 	  70 	 3.14 	 	 -2.09 	 	 0.00 
142 	  78 	 2.62 	 	 -1.57 	 	 0.00 
110 	  80 	 3.14 	 	 0.79 	 	 -0.79 
 76 	  86 	 -2.36 	 	 1.05 	 	 -0.79 
210 	  86 	 -2.62 	 	 2.09 	 	 -0.79 
270 	  89 	 2.36 	 	 3.14 	 	 0.00 
272 	  96 	 3.14 	 	 1.57 	 	 0.52 
 90 	  97 	 -2.36 	 	 1.05 	 	 -0.79 
 64 	 100 	 -2.36 	 	 1.05 	 	 -0.79 
221 	 105 	 3.14 	 	 1.05 	 	 -1.05 
 69 	 107 	 2.36 	 	 -2.09 	 	 0.52 
239 	 115 	 -2.36 	 	 1.57 	 	 -0.79 
270 	 115 	 3.14 	 	 2.09 	 	 -1.05 
 86 	 120 	 -2.09 	 	 1.57 	 	 0.00 
274 	 121 	 2.36 	 	 -2.36 	 	 0.00 
125 	 135 	 -2.62 	 	 1.57 	 	 -0.52 
170 	 164 	 -2.62 	 	 1.57 	 	 -0.79 
 79 	 165 	 -2.36 	 	 1.57 	 	 -0.79 
 51 	 169 	 2.62 	 	 -1.57 	 	 0.79 
118 	 179 	 3.14 	 	 -1.57 	 	 0.79 
105 	 190 	 3.14 	 	 -1.57 	 	 0.00 
145 	 197 	 2.36 	 	 -2.36 	 	 0.79 
NaN 	 NaN 	 0.00 	 	 0.00 	 	 0.00 
 63 	 198 	 -2.36 	 	 1.05 	 	 -0.79 
 75 	 202 	 2.36 	 	 -2.36 	 	 -0.52 
 46 	 209 	 2.62 	 	 -1.57 	 	 0.52 
 57 	 225 	 -2.36 	 	 1.57 	 	 0.00 
256 	 231 	 2.36 	 	 3.14 	 	 0.00 
 46 	 239 	 -2.36 	 	 1.57 	 	 0.00 
 81 	 239 	 2.62 	 	 -1.57 	 	 0.00 
 92 	 239 	 2.62 	 	 -1.57 	 	 0.00 
 80 	 247 	 -2.62 	 	 1.57 	 	 0.00 
104 	 248 	 2.62 	 	 -1.57 	 	 0.00 
NaN 	 NaN 	 0.00 	 	 0.00 	 	 0.00 
164 	 249 	 2.36 	 	 -2.36 	 	 0.79 
105 	 257 	 -2.62 	 	 1.57 	 	 0.00 
225 	 259 	 -2.09 	 	 1.57 	 	 0.00 
 83 	 263 	 -1.57 	 	 1.05 	 	 0.52 
229 	 271 	 3.14 	 	 -1.57 	 	 0.79 
145 	 272 	 3.14 	 	 -1.05 	 	 0.52 
