------------------------------------------------------------------- 
Name: 32 
Date: 2018-04-13 
Number of Terminations: 107 
Number of Bifurcations: 65 
------------------------------------------------------------------- 
------------------------------------------------------------------- 
Terminations : 
------------------------------------------------------------------- 
X          Y     Angle 
191 	  15 	 219.00 
 24 	 211 	 35.00 
 81 	  41 	 160.00 
 41 	  98 	 42.00 
154 	  42 	 237.00 
 42 	 232 	 47.00 
189 	  51 	 81.00 
 53 	 183 	 54.00 
230 	  56 	 241.00 
 64 	 199 	 67.00 
140 	  69 	 246.00 
 71 	 188 	 73.00 
234 	  73 	 211.00 
 74 	 217 	 78.00 
 69 	  80 	 141.00 
 80 	 172 	 80.00 
182 	  82 	 245.00 
 84 	 130 	 87.00 
147 	  87 	 141.00 
 90 	 230 	 90.00 
173 	  91 	 164.00 
 92 	 268 	 93.00 
184 	  94 	 132.00 
 97 	 258 	 97.00 
117 	  98 	 196.00 
101 	 169 	 103.00 
202 	 105 	 77.00 
106 	 160 	 106.00 
217 	 106 	 135.00 
109 	 152 	 109.00 
 56 	 110 	 221.00 
111 	 237 	 114.00 
170 	 115 	 245.00 
117 	 176 	 118.00 
114 	 119 	 78.00 
121 	 143 	 130.00 
238 	 138 	 123.00 
140 	  76 	 143.00 
238 	 146 	 72.00 
149 	 176 	 150.00 
138 	 154 	 126.00 
158 	 194 	 160.00 
 63 	 164 	 47.00 
166 	 196 	 166.00 
173 	 168 	 186.00 
168 	 163 	 171.00 
114 	 172 	 207.00 
173 	 237 	 173.00 
187 	 174 	 113.00 
178 	 122 	 179.00 
208 	 181 	 140.00 
185 	 122 	 186.00 
 48 	 188 	 250.00 
188 	  72 	 189.00 
 54 	 191 	 124.00 
192 	 219 	 200.00 
190 	 202 	 198.00 
206 	  63 	 208.00 
207 	 208 	 130.00 
210 	  45 	 214.00 
206 	 214 	 166.00 
215 	 241 	 219.00 
175 	 222 	 203.00 
224 	  45 	 232.00 
 88 	 233 	 198.00 
235 	 157 	 237.00 
209 	 238 	 175.00 
242 	 193 	 243.00 
100 	 244 	 215.00 
247 	 161 	 249.00 
182 	 253 	 215.00 
265 	 ------------------------------------------------------------------- 
Bifurcations : 
------------------------------------------------------------------- 
X          Y     Angle 1     Angle 2    Angle 3 
 94 	  15 	 174.00 	 	 16.00 	 	 99.00 
 20 	 186 	 21.00 	 	 93.00 	 	 27.00 
210 	  27 	 118.00 	 	 35.00 	 	 219.00 
 39 	 117 	 41.00 	 	 188.00 	 	 44.00 
214 	  45 	 109.00 	 	 46.00 	 	 217.00 
 57 	 121 	 65.00 	 	 225.00 	 	 65.00 
132 	  68 	 194.00 	 	 72.00 	 	 168.00 
 87 	 277 	 93.00 	 	 249.00 	 	 102.00 
259 	 121 	 253.00 	 	 131.00 	 	 55.00 
144 	 152 	 147.00 	 	 60.00 	 	 153.00 
 75 	 163 	 269.00 	 	 174.00 	 	 107.00 
179 	 147 	 192.00 	 	 258.00 	 	 192.00 
 86 	 193 	 262.00 	 	 197.00 	 	 52.00 
200 	 269 	 200.00 	 	 71.00 	 	 201.00 
132 	 203 	 138.00 	 	 203.00 	 	 176.00 
208 	  93 	 212.00 	 	 73.00 	 	 215.00 
 54 	 216 	 104.00 	 	 216.00 	 	 74.00 
221 	  80 	 222.00 	 	 50.00 	 	 225.00 
244 	 226 	 193.00 	 	 231.00 	 	 52.00 
235 	  74 	 240.00 	 	 245.00 	 	 240.00 
255 	 240 	 60.00 	 	 241.00 	 	 52.00 
253 	 243 	 254.00 	 	 45.00 	 	 255.00 
 76 	 257 	 198.00 	 	 259.00 	 	 94.00 
261 	  90 	 267.00 	 	 136.00 	 	 272.00 
242 	 272 	 194.00 	 	 275.00 	 	 151.00 
277 	 198 	 280.00 	 	 143.00 	 	 286.00 
