------------------------------------------------------------------- 
Name: 34 
Date: 2018-04-13 
Number of Terminations: 75 
Number of Bifurcations: 65 
------------------------------------------------------------------- 
------------------------------------------------------------------- 
Terminations : 
------------------------------------------------------------------- 
X          Y     Angle 
 84 	  20 	 1.57 
 93 	  20 	 0.52 
134 	  20 	 0.79 
NaN 	 NaN 	 NaN 
237 	  27 	 2.09 
NaN 	 NaN 	 NaN 
204 	  45 	 0.00 
266 	  47 	 0.79 
198 	  57 	 2.36 
NaN 	 NaN 	 NaN 
255 	  60 	 2.09 
120 	  63 	 0.52 
272 	  65 	 0.00 
118 	  70 	 3.14 
161 	  70 	 0.52 
245 	  73 	 2.09 
 69 	  74 	 1.05 
269 	  77 	 -1.05 
 98 	  79 	 -2.36 
185 	  84 	 -0.52 
 94 	  86 	 1.57 
259 	  86 	 -1.05 
206 	  87 	 -0.52 
195 	  90 	 2.62 
270 	  93 	 -1.57 
263 	  94 	 2.09 
NaN 	 NaN 	 NaN 
162 	  95 	 -2.62 
142 	  98 	 1.05 
 62 	 104 	 1.57 
158 	 112 	 0.52 
149 	 116 	 0.52 
200 	 128 	 2.09 
 56 	 135 	 1.05 
182 	 135 	 2.09 
NaN 	 NaN 	 NaN 
215 	 139 	 -0.79 
250 	 142 	 2.09 
259 	 142 	 2.09 
187 	 144 	 2.09 
NaN 	 NaN 	 NaN 
250 	 148 	 -1.57 
125 	 149 	 -2.09 
164 	 150 	 -1.57 
274 	 151 	 0.00 
180 	 154 	 2.09 
 99 	 160 	 -2.09 
 53 	 167 	 1.05 
NaN 	 NaN 	 NaN 
152 	 180 	 1.05 
NaN 	 NaN 	 NaN 
194 	 181 	 -1.57 
185 	 184 	 1.57 
135 	 189 	 -2.09 
204 	 189 	 -2.09 
143 	 190 	 -1.05 
 52 	 192 	 1.05 
214 	 195 	 -2.09 
124 	 198 	 -1.57 
135 	 199 	 1.57 
NaN 	 NaN 	 NaN 
NaN 	 NaN 	 NaN 
NaN 	 NaN 	 NaN 
199 	 216 	 -2.09 
 82 	 219 	 -2.36 
 62 	 222 	 1.57 
117 	 222 	 -1.57 
NaN 	 NaN 	 NaN 
NaN 	 NaN 	 NaN 
221 	 237 	 1.05 
NaN 	 NaN 	 NaN 
NaN 	 NaN 	 NaN 
 47 	 251 	 -2.62 
 47 	 260 	 3.14 
NaN 	 NaN 	 NaN 
------------------------------------------------------------------- 
Bifurcations : 
------------------------------------------------------------------- 
X          Y     Angle 1     Angle 2    Angle 3 
NaN 	 NaN 	 NaN 	 	 NaN 	 	 0.00 
NaN 	 NaN 	 0.00 	 	 NaN 	 	 0.00 
128 	  17 	 -2.36 	 	 2.09 	 	 0.52 
NaN 	 NaN 	 0.00 	 	 0.00 	 	 0.00 
135 	  34 	 -2.62 	 	 1.05 	 	 -0.52 
107 	  40 	 2.09 	 	 -2.09 	 	 0.52 
271 	  42 	 2.62 	 	 -2.36 	 	 0.00 
 98 	  47 	 2.36 	 	 -2.09 	 	 0.79 
172 	  47 	 3.14 	 	 -2.36 	 	 0.00 
NaN 	 NaN 	 0.00 	 	 0.00 	 	 0.00 
246 	  50 	 -2.62 	 	 1.57 	 	 0.00 
107 	  53 	 2.36 	 	 -1.57 	 	 0.52 
153 	  58 	 2.62 	 	 -1.05 	 	 0.79 
166 	  66 	 2.62 	 	 -1.57 	 	 0.52 
NaN 	 NaN 	 0.00 	 	 0.00 	 	 0.00 
 77 	  90 	 -2.09 	 	 1.57 	 	 0.00 
142 	  92 	 -2.62 	 	 -1.57 	 	 0.79 
NaN 	 NaN 	 0.00 	 	 0.00 	 	 0.00 
142 	 105 	 -2.62 	 	 1.57 	 	 0.79 
120 	 110 	 -2.62 	 	 1.05 	 	 -0.52 
NaN 	 NaN 	 0.00 	 	 0.00 	 	 0.00 
NaN 	 NaN 	 0.00 	 	 0.00 	 	 0.00 
193 	 127 	 -2.62 	 	 2.09 	 	 -0.79 
 59 	 128 	 -2.09 	 	 1.05 	 	 0.00 
NaN 	 NaN 	 0.00 	 	 0.00 	 	 0.00 
 65 	 131 	 2.62 	 	 -2.09 	 	 0.79 
236 	 134 	 -2.62 	 	 1.57 	 	 -0.79 
270 	 135 	 3.14 	 	 1.57 	 	 0.00 
230 	 138 	 2.09 	 	 -1.05 	 	 0.52 
156 	 144 	 -2.62 	 	 -2.36 	 	 0.79 
276 	 144 	 -2.62 	 	 -2.09 	 	 0.00 
141 	 149 	 -2.36 	 	 1.57 	 	 0.00 
NaN 	 NaN 	 0.00 	 	 0.00 	 	 0.00 
NaN 	 NaN 	 0.00 	 	 0.00 	 	 0.00 
256 	 164 	 2.09 	 	 -1.57 	 	 0.00 
NaN 	 NaN 	 0.00 	 	 0.00 	 	 0.00 
179 	 179 	 3.14 	 	 -1.05 	 	 0.79 
NaN 	 NaN 	 0.00 	 	 0.00 	 	 0.00 
166 	 193 	 2.62 	 	 -1.57 	 	 1.05 
 63 	 207 	 -2.62 	 	 1.05 	 	 -1.05 
 62 	 216 	 2.62 	 	 -1.57 	 	 0.79 
258 	 217 	 2.36 	 	 -2.09 	 	 0.00 
NaN 	 NaN 	 0.00 	 	 0.00 	 	 0.00 
106 	 228 	 -2.62 	 	 1.57 	 	 -1.05 
 68 	 241 	 3.14 	 	 -1.57 	 	 1.05 
194 	 242 	 -2.36 	 	 1.05 	 	 -0.79 
NaN 	 NaN 	 0.00 	 	 0.00 	 	 0.00 
245 	 246 	 2.09 	 	 -2.09 	 	 0.00 
193 	 248 	 2.09 	 	 -2.09 	 	 0.79 
134 	 257 	 2.36 	 	 -2.09 	 	 -0.52 
130 	 262 	 2.62 	 	 -1.05 	 	 0.79 
 89 	 265 	 3.14 	 	 1.57 	 	 -0.52 
100 	 265 	 -2.62 	 	 1.57 	 	 -0.52 
 56 	 266 	 2.62 	 	 -2.36 	 	 0.00 
 64 	 266 	 3.14 	 	 1.57 	 	 -0.52 
 81 	 266 	 -2.09 	 	 1.57 	 	 0.00 
124 	 269 	 2.36 	 	 -2.36 	 	 -0.52 
240 	 269 	 -2.36 	 	 1.57 	 	 0.00 
 44 	 271 	 3.14 	 	 1.05 	 	 0.00 
159 	 273 	 -2.36 	 	 2.09 	 	 0.52 
227 	 275 	 -2.36 	 	 2.09 	 	 0.00 
NaN 	 NaN 	 0.00 	 	 0.00 	 	 0.00 
182 	 280 	 -2.36 	 	 1.05 	 	 -0.52 
122 	 282 	 -2.36 	 	 1.05 	 	 0.79 
197 	 283 	 -2.36 	 	 1.57 	 	 -0.79 
