------------------------------------------------------------------- 
Name: 37 
Date: 2018-04-13 
Number of Terminations: 76 
Number of Bifurcations: 68 
------------------------------------------------------------------- 
------------------------------------------------------------------- 
Terminations : 
------------------------------------------------------------------- 
X          Y     Angle 
 68 	  20 	 3.14 
 90 	  21 	 -1.57 
NaN 	 NaN 	 NaN 
NaN 	 NaN 	 NaN 
263 	  32 	 0.00 
202 	  35 	 2.62 
119 	  36 	 -2.36 
263 	  39 	 1.57 
100 	  45 	 -2.09 
266 	  47 	 0.79 
258 	  50 	 -1.05 
 96 	  52 	 1.57 
NaN 	 NaN 	 NaN 
261 	  56 	 2.09 
 93 	  58 	 1.05 
183 	  58 	 -0.79 
268 	  58 	 1.05 
 67 	  61 	 1.05 
205 	  63 	 -1.05 
 96 	  67 	 -2.09 
NaN 	 NaN 	 NaN 
194 	  68 	 2.09 
NaN 	 NaN 	 NaN 
143 	  86 	 0.79 
NaN 	 NaN 	 NaN 
NaN 	 NaN 	 NaN 
NaN 	 NaN 	 NaN 
204 	  98 	 -1.05 
NaN 	 NaN 	 NaN 
211 	 114 	 -1.05 
157 	 121 	 -0.79 
192 	 121 	 2.09 
247 	 123 	 2.09 
173 	 124 	 2.09 
 96 	 129 	 -1.57 
245 	 129 	 -0.52 
152 	 133 	 -1.57 
NaN 	 NaN 	 NaN 
NaN 	 NaN 	 NaN 
177 	 143 	 -1.05 
137 	 145 	 -1.57 
130 	 151 	 1.57 
137 	 152 	 1.57 
179 	 152 	 1.57 
188 	 152 	 -1.57 
199 	 154 	 1.57 
164 	 157 	 -1.57 
131 	 160 	 -2.09 
145 	 161 	 2.09 
199 	 161 	 -1.57 
139 	 162 	 -0.79 
210 	 164 	 -1.57 
NaN 	 NaN 	 NaN 
 49 	 168 	 2.09 
199 	 168 	 2.09 
NaN 	 NaN 	 NaN 
132 	 169 	 2.09 
121 	 171 	 -1.57 
157 	 174 	 1.05 
 47 	 188 	 1.05 
 62 	 189 	 1.57 
 81 	 191 	 -2.09 
117 	 193 	 -1.57 
103 	 200 	 -1.57 
162 	 200 	 -2.09 
 56 	 205 	 -2.09 
219 	 210 	 1.57 
 45 	 217 	 1.05 
NaN 	 NaN 	 NaN 
NaN 	 NaN 	 NaN 
NaN 	 NaN 	 NaN 
 45 	 241 	 -2.62 
NaN 	 NaN 	 NaN 
NaN 	 NaN 	 NaN 
172 	 257 	 -2.36 
NaN 	 NaN 	 NaN 
------------------------------------------------------------------- 
Bifurcations : 
------------------------------------------------------------------- 
X          Y     Angle 1     Angle 2    Angle 3 
179 	  13 	 3.14 	 	 NaN 	 	 -0.52 
189 	  16 	 3.14 	 	 NaN 	 	 -0.79 
174 	  21 	 2.62 	 	 -1.57 	 	 0.00 
195 	  21 	 2.36 	 	 0.79 	 	 -0.79 
259 	  21 	 3.14 	 	 2.09 	 	 0.00 
183 	  24 	 2.62 	 	 -2.09 	 	 0.00 
156 	  29 	 3.14 	 	 -2.09 	 	 0.52 
NaN 	 NaN 	 0.00 	 	 0.00 	 	 0.00 
168 	  38 	 2.62 	 	 -2.09 	 	 0.00 
192 	  38 	 2.09 	 	 -2.09 	 	 -0.52 
214 	  40 	 2.36 	 	 -2.36 	 	 -0.79 
NaN 	 NaN 	 0.00 	 	 0.00 	 	 0.00 
215 	  53 	 2.62 	 	 -1.05 	 	 0.79 
102 	  54 	 -2.62 	 	 1.05 	 	 -1.05 
 79 	  56 	 -2.36 	 	 1.57 	 	 -0.52 
231 	  63 	 -2.36 	 	 2.09 	 	 -0.52 
NaN 	 NaN 	 0.00 	 	 0.00 	 	 0.00 
NaN 	 NaN 	 0.00 	 	 0.00 	 	 0.00 
117 	  78 	 -2.62 	 	 1.05 	 	 -0.79 
204 	  78 	 2.36 	 	 -2.09 	 	 -0.52 
NaN 	 NaN 	 0.00 	 	 0.00 	 	 0.00 
271 	  83 	 -2.36 	 	 2.09 	 	 -0.52 
150 	  89 	 3.14 	 	 -1.57 	 	 0.52 
262 	  97 	 2.36 	 	 -1.57 	 	 0.00 
NaN 	 NaN 	 0.00 	 	 0.00 	 	 0.00 
186 	  98 	 -2.62 	 	 2.09 	 	 -0.79 
204 	 107 	 2.36 	 	 -1.57 	 	 0.79 
169 	 108 	 -2.36 	 	 2.09 	 	 -0.79 
266 	 112 	 2.09 	 	 -1.57 	 	 0.00 
NaN 	 NaN 	 0.00 	 	 0.00 	 	 0.00 
187 	 113 	 -2.36 	 	 2.09 	 	 -0.52 
 72 	 127 	 2.09 	 	 -1.57 	 	 0.79 
271 	 132 	 2.36 	 	 -2.09 	 	 0.00 
250 	 135 	 2.09 	 	 -1.57 	 	 0.00 
NaN 	 NaN 	 0.00 	 	 0.00 	 	 0.00 
270 	 143 	 3.14 	 	 1.57 	 	 -1.05 
173 	 148 	 3.14 	 	 1.05 	 	 -1.05 
229 	 158 	 3.14 	 	 0.79 	 	 -0.79 
223 	 159 	 2.09 	 	 -2.09 	 	 0.00 
NaN 	 NaN 	 0.00 	 	 0.00 	 	 0.00 
 64 	 172 	 -2.36 	 	 1.57 	 	 -0.79 
259 	 174 	 2.36 	 	 -1.57 	 	 0.00 
NaN 	 NaN 	 0.00 	 	 0.00 	 	 0.00 
223 	 197 	 -2.36 	 	 1.57 	 	 -0.79 
252 	 198 	 2.36 	 	 -2.09 	 	 0.52 
253 	 205 	 -2.36 	 	 2.09 	 	 0.00 
251 	 214 	 2.09 	 	 -2.09 	 	 0.00 
 61 	 215 	 -2.36 	 	 1.57 	 	 0.00 
 75 	 218 	 3.14 	 	 -1.57 	 	 1.05 
 81 	 236 	 -2.62 	 	 0.79 	 	 -0.79 
NaN 	 NaN 	 0.00 	 	 0.00 	 	 0.00 
255 	 238 	 2.62 	 	 -2.36 	 	 0.00 
 76 	 243 	 2.62 	 	 -1.05 	 	 0.79 
 85 	 244 	 2.09 	 	 -2.09 	 	 0.52 
NaN 	 NaN 	 0.00 	 	 0.00 	 	 0.00 
244 	 256 	 -2.36 	 	 1.57 	 	 0.00 
 54 	 259 	 3.14 	 	 1.05 	 	 -0.79 
NaN 	 NaN 	 0.00 	 	 0.00 	 	 0.00 
219 	 265 	 -2.36 	 	 2.09 	 	 -0.79 
202 	 267 	 -2.62 	 	 0.79 	 	 -0.79 
240 	 267 	 -2.36 	 	 2.09 	 	 -0.52 
185 	 268 	 -2.62 	 	 1.57 	 	 0.52 
224 	 270 	 2.36 	 	 -1.57 	 	 0.79 
207 	 272 	 2.36 	 	 -2.09 	 	 0.79 
224 	 276 	 -2.36 	 	 2.09 	 	 0.00 
234 	 278 	 3.14 	 	 1.57 	 	 -1.05 
179 	 283 	 -2.62 	 	 -1.57 	 	 0.79 
169 	 289 	 3.14 	 	 -1.57 	 	 0.52 
