------------------------------------------------------------------- 
Name: 38 
Date: 2018-04-13 
Number of Terminations: 68 
Number of Bifurcations: 60 
------------------------------------------------------------------- 
------------------------------------------------------------------- 
Terminations : 
------------------------------------------------------------------- 
X          Y     Angle 
NaN 	 NaN 	 NaN 
NaN 	 NaN 	 NaN 
184 	  13 	 -0.52 
NaN 	 NaN 	 NaN 
258 	  21 	 0.00 
188 	  27 	 -0.79 
261 	  28 	 0.00 
NaN 	 NaN 	 NaN 
 87 	  34 	 1.57 
179 	  36 	 2.62 
 99 	  40 	 -2.36 
265 	  45 	 0.79 
227 	  49 	 -1.05 
NaN 	 NaN 	 NaN 
181 	  63 	 -0.52 
173 	  68 	 2.62 
117 	  72 	 1.05 
NaN 	 NaN 	 NaN 
NaN 	 NaN 	 NaN 
133 	  84 	 0.00 
NaN 	 NaN 	 NaN 
123 	  89 	 0.52 
NaN 	 NaN 	 NaN 
 60 	  96 	 1.57 
160 	  96 	 -1.57 
184 	  99 	 -1.05 
178 	 107 	 -1.57 
 60 	 109 	 1.05 
190 	 114 	 -1.05 
NaN 	 NaN 	 NaN 
276 	 117 	 3.14 
173 	 122 	 2.09 
140 	 124 	 -0.79 
224 	 124 	 1.57 
233 	 125 	 2.36 
111 	 126 	 -2.09 
275 	 130 	 0.00 
224 	 131 	 -0.79 
246 	 131 	 2.09 
146 	 132 	 2.09 
109 	 134 	 1.57 
136 	 138 	 -1.57 
131 	 143 	 -1.05 
159 	 145 	 -1.05 
244 	 149 	 1.57 
170 	 153 	 -1.57 
130 	 154 	 1.57 
NaN 	 NaN 	 NaN 
162 	 155 	 2.09 
180 	 156 	 1.57 
114 	 164 	 -1.57 
145 	 164 	 -1.57 
179 	 169 	 1.57 
105 	 174 	 -2.09 
115 	 174 	 1.57 
NaN 	 NaN 	 NaN 
139 	 178 	 1.05 
 47 	 195 	 2.09 
119 	 195 	 2.09 
100 	 198 	 -1.57 
NaN 	 NaN 	 NaN 
 86 	 205 	 -1.05 
198 	 213 	 1.57 
252 	 222 	 -1.57 
NaN 	 NaN 	 NaN 
NaN 	 NaN 	 NaN 
147 	 265 	 -2.62 
191 	 267 	 -2.36 
------------------------------------------------------------------- 
Bifurcations : 
------------------------------------------------------------------- 
X          Y     Angle 1     Angle 2    Angle 3 
158 	  16 	 3.14 	 	 NaN 	 	 -0.52 
168 	  20 	 3.14 	 	 NaN 	 	 -0.52 
207 	  22 	 2.62 	 	 -1.05 	 	 0.79 
177 	  26 	 2.62 	 	 1.05 	 	 -0.79 
134 	  32 	 2.62 	 	 -1.57 	 	 0.52 
159 	  35 	 2.62 	 	 -2.09 	 	 0.00 
267 	  35 	 -2.62 	 	 -2.09 	 	 0.00 
171 	  40 	 2.36 	 	 -2.36 	 	 -0.52 
NaN 	 NaN 	 0.00 	 	 0.00 	 	 0.00 
NaN 	 NaN 	 0.00 	 	 0.00 	 	 0.00 
103 	  56 	 -2.36 	 	 1.57 	 	 0.52 
173 	  59 	 3.14 	 	 1.05 	 	 -1.05 
110 	  70 	 3.14 	 	 -1.05 	 	 0.00 
227 	  71 	 2.62 	 	 -1.57 	 	 0.79 
NaN 	 NaN 	 0.00 	 	 0.00 	 	 0.00 
139 	  80 	 2.62 	 	 -1.57 	 	 0.52 
 98 	  83 	 -2.36 	 	 1.57 	 	 -0.79 
112 	  85 	 -2.36 	 	 1.05 	 	 -0.79 
195 	  96 	 3.14 	 	 2.09 	 	 -1.05 
150 	 100 	 2.62 	 	 1.05 	 	 -0.79 
167 	 100 	 -2.62 	 	 2.09 	 	 -0.79 
NaN 	 NaN 	 0.00 	 	 0.00 	 	 0.00 
151 	 111 	 -2.36 	 	 1.57 	 	 -0.52 
168 	 114 	 2.09 	 	 -2.09 	 	 -0.52 
117 	 123 	 -2.09 	 	 1.57 	 	 0.00 
242 	 125 	 -2.62 	 	 1.05 	 	 -0.79 
126 	 126 	 -2.09 	 	 1.05 	 	 0.00 
260 	 126 	 3.14 	 	 1.57 	 	 -1.05 
254 	 127 	 2.36 	 	 -2.09 	 	 0.00 
132 	 129 	 2.36 	 	 -2.09 	 	 0.00 
255 	 142 	 3.14 	 	 1.57 	 	 -1.05 
NaN 	 NaN 	 0.00 	 	 0.00 	 	 0.00 
NaN 	 NaN 	 0.00 	 	 0.00 	 	 0.00 
 54 	 157 	 2.62 	 	 -1.57 	 	 1.05 
NaN 	 NaN 	 0.00 	 	 0.00 	 	 0.00 
273 	 174 	 3.14 	 	 -1.05 	 	 0.79 
265 	 175 	 2.36 	 	 -2.09 	 	 0.00 
256 	 189 	 2.36 	 	 -2.36 	 	 0.00 
NaN 	 NaN 	 0.00 	 	 0.00 	 	 0.00 
265 	 214 	 3.14 	 	 2.09 	 	 -0.52 
NaN 	 NaN 	 0.00 	 	 0.00 	 	 0.00 
 59 	 234 	 -2.36 	 	 1.57 	 	 0.00 
 54 	 239 	 2.36 	 	 -2.09 	 	 0.79 
NaN 	 NaN 	 0.00 	 	 0.00 	 	 0.00 
109 	 245 	 2.36 	 	 -2.36 	 	 -0.52 
NaN 	 NaN 	 0.00 	 	 0.00 	 	 0.00 
 77 	 252 	 -2.36 	 	 1.05 	 	 0.00 
 73 	 257 	 3.14 	 	 1.05 	 	 -0.52 
 50 	 258 	 -2.62 	 	 -2.09 	 	 0.79 
250 	 260 	 3.14 	 	 1.57 	 	 0.00 
159 	 262 	 3.14 	 	 -1.57 	 	 1.05 
 90 	 264 	 2.36 	 	 -1.57 	 	 0.79 
243 	 268 	 2.62 	 	 -2.09 	 	 1.57 
 91 	 271 	 2.09 	 	 -2.09 	 	 0.79 
NaN 	 NaN 	 0.00 	 	 0.00 	 	 0.00 
169 	 279 	 -2.62 	 	 -1.57 	 	 0.52 
150 	 282 	 3.14 	 	 0.79 	 	 -0.79 
209 	 282 	 -2.36 	 	 1.57 	 	 -0.52 
189 	 283 	 -2.36 	 	 1.05 	 	 -0.52 
214 	 286 	 2.36 	 	 -1.57 	 	 0.52 
