------------------------------------------------------------------- 
Name: 39 
Date: 2018-04-13 
Number of Terminations: 65 
Number of Bifurcations: 77 
------------------------------------------------------------------- 
------------------------------------------------------------------- 
Terminations : 
------------------------------------------------------------------- 
X          Y     Angle 
 89 	  14 	 108.00 
 14 	 117 	 17.00 
 83 	  20 	 220.00 
 33 	  96 	 35.00 
261 	  35 	 248.00 
 36 	  78 	 46.00 
196 	  46 	 267.00 
 50 	 221 	 55.00 
217 	  65 	 270.00 
 72 	 209 	 75.00 
131 	  78 	 127.00 
 83 	 170 	 85.00 
164 	  86 	 273.00 
 91 	 194 	 100.00 
215 	 103 	 159.00 
106 	 206 	 108.00 
170 	 109 	 65.00 
120 	 166 	 124.00 
 63 	 136 	 164.00 
137 	 219 	 141.00 
 59 	 145 	 155.00 
145 	 212 	 148.00 
171 	 150 	 150.00 
152 	 224 	 156.00 
173 	 164 	 207.00 
164 	 133 	 165.00 
143 	 165 	 132.00 
171 	 140 	 173.00 
180 	 173 	 211.00 
174 	 108 	 176.00 
192 	 179 	 145.00 
187 	 214 	 189.00 
145 	 194 	 195.00 
195 	 204 	 195.00 
214 	 199 	 180.00 
200 	 145 	 203.00 
 53 	 204 	 154.00 
206 	 146 	 214.00 
134 	 217 	 52.00 
224 	 210 	 231.00 
 72 	 237 	 129.00 
238 	 150 	 242.00 
150 	 255 	 212.00 
261 	 ------------------------------------------------------------------- 
Bifurcations : 
------------------------------------------------------------------- 
X          Y     Angle 1     Angle 2    Angle 3 
217 	  14 	 179.00 	 	 16.00 	 	 202.00 
 18 	 151 	 20.00 	 	 226.00 	 	 28.00 
109 	  32 	 226.00 	 	 41.00 	 	 157.00 
 47 	 189 	 48.00 	 	 125.00 	 	 55.00 
119 	  56 	 247.00 	 	 57.00 	 	 196.00 
 59 	 252 	 62.00 	 	 109.00 	 	 63.00 
119 	  68 	 258.00 	 	 68.00 	 	 247.00 
 71 	 164 	 72.00 	 	 136.00 	 	 74.00 
241 	  76 	 258.00 	 	 76.00 	 	 188.00 
 80 	 202 	 80.00 	 	 176.00 	 	 81.00 
197 	  85 	 266.00 	 	 85.00 	 	 228.00 
 87 	 242 	 103.00 	 	 177.00 	 	 110.00 
142 	 112 	 263.00 	 	 113.00 	 	 254.00 
117 	 100 	 120.00 	 	 198.00 	 	 123.00 
145 	 124 	 103.00 	 	 126.00 	 	 260.00 
127 	 123 	 131.00 	 	 196.00 	 	 134.00 
201 	 141 	 249.00 	 	 143.00 	 	 243.00 
146 	  75 	 148.00 	 	 63.00 	 	 150.00 
185 	 151 	 246.00 	 	 155.00 	 	 203.00 
156 	 240 	 157.00 	 	 83.00 	 	 175.00 
258 	 187 	 164.00 	 	 188.00 	 	 260.00 
198 	 237 	 201.00 	 	 262.00 	 	 206.00 
114 	 209 	 235.00 	 	 211.00 	 	 254.00 
213 	 209 	 220.00 	 	 74.00 	 	 222.00 
214 	 226 	 229.00 	 	 238.00 	 	 248.00 
241 	 117 	 244.00 	 	 82.00 	 	 247.00 
 59 	 260 	 250.00 	 	 263.00 	 	 89.00 
264 	 115 	 264.00 	 	 228.00 	 	 270.00 
125 	 272 	 176.00 	 	 275.00 	 	 146.00 
276 	 156 	 276.00 	 	 199.00 	 	 279.00 
168 	 281 	 191.00 	 	 281.00 	 	 