------------------------------------------------------------------- 
Name: 43 
Date: 2018-04-13 
Number of Terminations: 60 
Number of Bifurcations: 59 
------------------------------------------------------------------- 
------------------------------------------------------------------- 
Terminations : 
------------------------------------------------------------------- 
X          Y     Angle 
NaN 	 NaN 	 NaN 
 76 	  47 	 1.05 
267 	  50 	 0.00 
195 	  52 	 2.62 
NaN 	 NaN 	 NaN 
228 	  69 	 -1.05 
 83 	  71 	 0.79 
190 	  74 	 0.00 
NaN 	 NaN 	 NaN 
 65 	  78 	 1.05 
213 	  80 	 2.09 
NaN 	 NaN 	 NaN 
240 	  86 	 -1.57 
NaN 	 NaN 	 NaN 
150 	  96 	 0.52 
 98 	 101 	 0.79 
 77 	 102 	 -2.36 
163 	 102 	 -2.36 
 56 	 112 	 1.05 
NaN 	 NaN 	 NaN 
NaN 	 NaN 	 NaN 
109 	 121 	 -2.09 
171 	 122 	 0.00 
129 	 126 	 1.57 
 53 	 129 	 1.57 
193 	 130 	 2.09 
150 	 139 	 -2.36 
NaN 	 NaN 	 NaN 
 50 	 148 	 1.05 
141 	 149 	 0.79 
 41 	 150 	 2.36 
145 	 159 	 0.79 
 47 	 167 	 1.05 
151 	 168 	 -2.09 
179 	 169 	 1.57 
147 	 174 	 1.05 
189 	 175 	 1.57 
108 	 178 	 1.05 
157 	 179 	 1.57 
NaN 	 NaN 	 NaN 
260 	 181 	 -1.05 
 45 	 184 	 1.05 
 45 	 198 	 0.79 
239 	 200 	 -2.09 
250 	 204 	 -1.57 
NaN 	 NaN 	 NaN 
 47 	 208 	 0.52 
NaN 	 NaN 	 NaN 
NaN 	 NaN 	 NaN 
 47 	 218 	 0.52 
NaN 	 NaN 	 NaN 
 47 	 228 	 0.52 
151 	 232 	 0.52 
224 	 236 	 1.05 
 71 	 237 	 0.52 
 46 	 238 	 0.52 
203 	 241 	 0.52 
NaN 	 NaN 	 NaN 
NaN 	 NaN 	 NaN 
NaN 	 NaN 	 NaN 
------------------------------------------------------------------- 
Bifurcations : 
------------------------------------------------------------------- 
X          Y     Angle 1     Angle 2    Angle 3 
223 	  12 	 2.36 	 	 NaN 	 	 -0.52 
112 	  14 	 3.14 	 	 -2.09 	 	 0.79 
134 	  14 	 -2.36 	 	 0.79 	 	 -0.79 
NaN 	 NaN 	 0.00 	 	 0.00 	 	 0.00 
138 	  19 	 -2.36 	 	 2.09 	 	 0.52 
 89 	  21 	 2.62 	 	 -2.09 	 	 0.79 
229 	  24 	 3.14 	 	 1.05 	 	 -0.79 
177 	  27 	 2.62 	 	 -1.57 	 	 0.52 
 92 	  31 	 -2.09 	 	 1.05 	 	 -0.52 
235 	  31 	 3.14 	 	 2.09 	 	 -0.52 
 83 	  33 	 -2.36 	 	 1.57 	 	 -0.79 
 97 	  35 	 2.36 	 	 -2.09 	 	 0.79 
 88 	  37 	 2.62 	 	 -2.09 	 	 1.05 
229 	  37 	 2.62 	 	 1.05 	 	 -0.79 
235 	  73 	 3.14 	 	 1.57 	 	 0.00 
207 	  80 	 -2.62 	 	 2.09 	 	 -0.79 
164 	  92 	 -2.62 	 	 1.05 	 	 -0.52 
190 	  93 	 2.36 	 	 -2.36 	 	 -0.79 
NaN 	 NaN 	 0.00 	 	 0.00 	 	 0.00 
184 	  99 	 2.62 	 	 0.79 	 	 -0.52 
279 	 102 	 3.14 	 	 -2.36 	 	 0.00 
100 	 109 	 -2.36 	 	 1.57 	 	 0.00 
108 	 110 	 3.14 	 	 -2.09 	 	 1.05 
144 	 110 	 3.14 	 	 -1.57 	 	 0.52 
270 	 138 	 2.09 	 	 -2.09 	 	 0.00 
NaN 	 NaN 	 0.00 	 	 0.00 	 	 0.00 
172 	 143 	 3.14 	 	 1.57 	 	 -0.79 
174 	 150 	 3.14 	 	 1.57 	 	 -1.05 
164 	 160 	 3.14 	 	 1.57 	 	 -1.05 
158 	 165 	 -2.36 	 	 -1.05 	 	 0.79 
265 	 170 	 2.09 	 	 -2.09 	 	 0.00 
273 	 170 	 3.14 	 	 2.09 	 	 0.00 
NaN 	 NaN 	 0.00 	 	 0.00 	 	 0.00 
256 	 197 	 2.09 	 	 -2.09 	 	 0.00 
NaN 	 NaN 	 0.00 	 	 0.00 	 	 0.00 
145 	 199 	 -2.62 	 	 1.05 	 	 0.00 
261 	 214 	 2.36 	 	 3.14 	 	 0.00 
245 	 242 	 3.14 	 	 0.79 	 	 -0.79 
223 	 243 	 -2.62 	 	 0.79 	 	 -0.79 
236 	 248 	 3.14 	 	 1.05 	 	 -0.52 
157 	 250 	 3.14 	 	 1.57 	 	 -0.52 
250 	 250 	 3.14 	 	 1.57 	 	 -0.79 
243 	 251 	 2.62 	 	 -1.57 	 	 0.00 
NaN 	 NaN 	 0.00 	 	 0.00 	 	 0.00 
263 	 252 	 3.14 	 	 2.09 	 	 0.00 
204 	 258 	 3.14 	 	 -1.57 	 	 0.52 
227 	 258 	 2.62 	 	 -1.57 	 	 0.00 
249 	 261 	 3.14 	 	 2.09 	 	 0.00 
 90 	 262 	 3.14 	 	 0.79 	 	 -0.79 
148 	 264 	 3.14 	 	 0.52 	 	 -0.79 
137 	 267 	 3.14 	 	 0.52 	 	 -0.79 
150 	 272 	 3.14 	 	 1.57 	 	 0.00 
 93 	 273 	 2.09 	 	 -1.57 	 	 0.79 
140 	 273 	 -2.36 	 	 1.57 	 	 0.00 
NaN 	 NaN 	 0.00 	 	 0.00 	 	 0.00 
223 	 279 	 3.14 	 	 1.05 	 	 -0.79 
190 	 280 	 2.62 	 	 -1.57 	 	 0.52 
NaN 	 NaN 	 0.00 	 	 0.00 	 	 0.00 
143 	 283 	 2.62 	 	 -1.57 	 	 0.52 
