------------------------------------------------------------------- 
Name: 45 
Date: 2018-04-13 
Number of Terminations: 75 
Number of Bifurcations: 62 
------------------------------------------------------------------- 
------------------------------------------------------------------- 
Terminations : 
------------------------------------------------------------------- 
X          Y     Angle 
NaN 	 NaN 	 NaN 
199 	  28 	 -0.52 
213 	  38 	 -0.79 
NaN 	 NaN 	 NaN 
252 	  41 	 -1.57 
249 	  48 	 1.57 
NaN 	 NaN 	 NaN 
181 	  59 	 2.36 
200 	  61 	 1.57 
NaN 	 NaN 	 NaN 
137 	  66 	 -2.36 
253 	  68 	 2.09 
132 	  70 	 0.52 
117 	  75 	 1.05 
 65 	  76 	 1.05 
214 	  77 	 -0.79 
201 	  87 	 2.62 
NaN 	 NaN 	 NaN 
225 	  93 	 -1.57 
187 	 102 	 -1.05 
 58 	 104 	 0.79 
 86 	 105 	 1.05 
273 	 106 	 -2.09 
159 	 107 	 0.00 
151 	 108 	 -2.36 
 52 	 124 	 1.05 
 96 	 126 	 -2.09 
115 	 133 	 1.57 
164 	 133 	 2.36 
181 	 142 	 -1.57 
217 	 142 	 2.09 
 51 	 143 	 1.05 
137 	 146 	 -2.62 
119 	 148 	 1.05 
 41 	 149 	 2.36 
183 	 150 	 2.09 
131 	 151 	 0.79 
NaN 	 NaN 	 NaN 
166 	 155 	 -1.57 
 48 	 164 	 0.79 
NaN 	 NaN 	 NaN 
229 	 174 	 1.57 
136 	 176 	 -2.36 
165 	 176 	 1.57 
145 	 179 	 -2.09 
156 	 179 	 1.57 
132 	 181 	 1.05 
229 	 182 	 -1.57 
 46 	 183 	 0.79 
 94 	 183 	 1.57 
NaN 	 NaN 	 NaN 
NaN 	 NaN 	 NaN 
NaN 	 NaN 	 NaN 
216 	 188 	 2.09 
207 	 190 	 1.57 
244 	 190 	 -1.57 
264 	 192 	 -1.05 
 45 	 199 	 1.05 
NaN 	 NaN 	 NaN 
 43 	 208 	 -0.79 
222 	 209 	 -1.57 
233 	 211 	 -1.57 
NaN 	 NaN 	 NaN 
 83 	 214 	 0.79 
NaN 	 NaN 	 NaN 
NaN 	 NaN 	 NaN 
NaN 	 NaN 	 NaN 
135 	 238 	 0.52 
NaN 	 NaN 	 NaN 
208 	 242 	 0.79 
238 	 245 	 2.09 
188 	 247 	 0.00 
222 	 250 	 0.52 
126 	 253 	 -1.05 
226 	 258 	 3.14 
------------------------------------------------------------------- 
Bifurcations : 
------------------------------------------------------------------- 
X          Y     Angle 1     Angle 2    Angle 3 
NaN 	 NaN 	 NaN 	 	 NaN 	 	 0.00 
227 	  20 	 -2.36 	 	 NaN 	 	 0.00 
226 	  31 	 2.36 	 	 -2.09 	 	 -0.52 
NaN 	 NaN 	 0.00 	 	 0.00 	 	 0.00 
 94 	  37 	 3.14 	 	 -1.57 	 	 0.52 
NaN 	 NaN 	 0.00 	 	 0.00 	 	 0.00 
154 	  42 	 -2.62 	 	 -1.57 	 	 0.52 
 89 	  46 	 2.36 	 	 -1.57 	 	 0.79 
NaN 	 NaN 	 0.00 	 	 0.00 	 	 0.00 
104 	  62 	 -2.36 	 	 1.57 	 	 -0.79 
172 	  64 	 2.62 	 	 -2.36 	 	 0.00 
220 	  80 	 3.14 	 	 1.57 	 	 -0.52 
 83 	  82 	 -2.09 	 	 1.57 	 	 0.00 
NaN 	 NaN 	 0.00 	 	 0.00 	 	 0.00 
193 	  87 	 -2.62 	 	 1.57 	 	 -0.79 
151 	  99 	 -2.62 	 	 1.05 	 	 -0.79 
130 	 104 	 -2.62 	 	 -1.57 	 	 1.05 
NaN 	 NaN 	 0.00 	 	 0.00 	 	 0.00 
262 	 123 	 2.09 	 	 -2.09 	 	 -0.52 
154 	 134 	 3.14 	 	 1.05 	 	 -0.52 
 62 	 143 	 -2.36 	 	 1.57 	 	 -0.79 
 69 	 145 	 3.14 	 	 -2.09 	 	 1.05 
153 	 146 	 3.14 	 	 -1.57 	 	 0.52 
159 	 156 	 -2.36 	 	 1.05 	 	 -0.79 
NaN 	 NaN 	 0.00 	 	 0.00 	 	 0.00 
149 	 168 	 -2.62 	 	 1.05 	 	 -0.79 
NaN 	 NaN 	 0.00 	 	 0.00 	 	 0.00 
NaN 	 NaN 	 0.00 	 	 0.00 	 	 0.00 
177 	 182 	 3.14 	 	 -1.57 	 	 1.05 
259 	 184 	 2.36 	 	 -2.09 	 	 0.52 
273 	 187 	 2.36 	 	 -2.36 	 	 0.00 
270 	 198 	 2.62 	 	 1.05 	 	 -1.05 
130 	 205 	 -2.62 	 	 1.05 	 	 0.00 
246 	 205 	 2.09 	 	 -1.57 	 	 0.00 
142 	 212 	 -2.36 	 	 1.57 	 	 -0.52 
NaN 	 NaN 	 0.00 	 	 0.00 	 	 0.00 
 51 	 218 	 -2.36 	 	 0.79 	 	 -0.79 
 54 	 224 	 -2.62 	 	 1.57 	 	 0.52 
 88 	 231 	 3.14 	 	 1.57 	 	 -0.52 
253 	 239 	 3.14 	 	 2.09 	 	 -0.79 
NaN 	 NaN 	 0.00 	 	 0.00 	 	 0.00 
 66 	 242 	 -2.62 	 	 -1.05 	 	 0.52 
 69 	 248 	 -2.36 	 	 1.57 	 	 0.52 
 52 	 252 	 3.14 	 	 1.57 	 	 -0.79 
NaN 	 NaN 	 0.00 	 	 0.00 	 	 0.00 
141 	 255 	 3.14 	 	 1.57 	 	 -0.52 
133 	 257 	 -2.62 	 	 0.52 	 	 -0.79 
127 	 259 	 -2.62 	 	 1.57 	 	 0.00 
NaN 	 NaN 	 0.00 	 	 0.00 	 	 0.00 
 84 	 262 	 3.14 	 	 -1.05 	 	 0.52 
118 	 263 	 3.14 	 	 -1.57 	 	 0.79 
140 	 265 	 2.36 	 	 -2.62 	 	 0.00 
NaN 	 NaN 	 0.00 	 	 0.00 	 	 0.00 
174 	 266 	 3.14 	 	 -1.57 	 	 0.00 
 98 	 268 	 3.14 	 	 -1.57 	 	 0.52 
219 	 268 	 2.36 	 	 -1.57 	 	 0.52 
130 	 269 	 3.14 	 	 -1.57 	 	 0.52 
NaN 	 NaN 	 0.00 	 	 0.00 	 	 0.00 
 86 	 273 	 -2.36 	 	 2.09 	 	 0.52 
218 	 276 	 -2.62 	 	 1.57 	 	 -0.52 
132 	 277 	 3.14 	 	 1.57 	 	 0.00 
228 	 279 	 3.14 	 	 1.05 	 	 -0.79 
