------------------------------------------------------------------- 
Name: 46 
Date: 2018-04-13 
Number of Terminations: 68 
Number of Bifurcations: 52 
------------------------------------------------------------------- 
------------------------------------------------------------------- 
Terminations : 
------------------------------------------------------------------- 
X          Y     Angle 
 68 	  29 	 256.00 
 38 	 150 	 42.00 
171 	  49 	 208.00 
 49 	  76 	 53.00 
156 	  61 	 73.00 
 62 	 141 	 65.00 
240 	  67 	 69.00 
 69 	 179 	 69.00 
202 	  71 	 90.00 
 73 	 208 	 75.00 
225 	  78 	 251.00 
 81 	 166 	 89.00 
161 	  93 	 107.00 
 99 	 174 	 100.00 
 85 	 101 	 59.00 
104 	 180 	 114.00 
132 	 115 	 119.00 
118 	 188 	 122.00 
138 	 124 	 151.00 
124 	 204 	 129.00 
146 	 132 	 160.00 
137 	  53 	 139.00 
143 	 140 	 156.00 
142 	 199 	 144.00 
191 	 146 	 139.00 
147 	 151 	 148.00 
 42 	 150 	 200.00 
150 	 180 	 152.00 
255 	 165 	 181.00 
167 	 190 	 167.00 
170 	 171 	 255.00 
171 	 199 	 174.00 
117 	 175 	 48.00 
178 	 166 	 178.00 
175 	 181 	 233.00 
181 	 250 	 185.00 
 47 	 195 	 249.00 
198 	 259 	 198.00 
153 	 206 	 107.00 
207 	 162 	 215.00 
 49 	 216 	 154.00 
219 	 158 	 232.00 
234 	 234 	 150.00 
235 	 213 	 241.00 
151 	 248 	 161.00 
255 	 ------------------------------------------------------------------- 
Bifurcations : 
------------------------------------------------------------------- 
X          Y     Angle 1     Angle 2    Angle 3 
220 	  20 	 193.00 	 	 21.00 	 	 251.00 
 21 	 205 	 22.00 	 	 93.00 	 	 23.00 
218 	  27 	 160.00 	 	 28.00 	 	 237.00 
 34 	  87 	 40.00 	 	 249.00 	 	 44.00 
243 	  48 	 219.00 	 	 52.00 	 	 197.00 
 54 	 231 	 62.00 	 	 185.00 	 	 65.00 
246 	  67 	 269.00 	 	 71.00 	 	 175.00 
 90 	 267 	 93.00 	 	 148.00 	 	 97.00 
196 	  97 	 136.00 	 	 99.00 	 	 162.00 
101 	 179 	 125.00 	 	 94.00 	 	 135.00 
177 	 137 	 194.00 	 	 139.00 	 	 89.00 
145 	 162 	 156.00 	 	 174.00 	 	 158.00 
150 	 200 	 166.00 	 	 205.00 	 	 253.00 
217 	 252 	 230.00 	 	 69.00 	 	 236.00 
235 	 244 	 165.00 	 	 249.00 	 	 81.00 
257 	 212 	 258.00 	 	 236.00 	 	 258.00 
186 	 259 	 247.00 	 	 261.00 	 	 76.00 
262 	 112 	 265.00 	 	 200.00 	 	 269.00 
134 	 272 	 149.00 	 	 273.00 	 	 126.00 
274 	 160 	 281.00 	 	 166.00 	 	 282.00 
173 	 282 	 179.00 	 	 283.00 	 	 