------------------------------------------------------------------- 
Name: 47 
Date: 2018-04-13 
Number of Terminations: 49 
Number of Bifurcations: 59 
------------------------------------------------------------------- 
------------------------------------------------------------------- 
Terminations : 
------------------------------------------------------------------- 
X          Y     Angle 
184 	  12 	 240.00 
 20 	  80 	 24.00 
200 	  34 	 234.00 
 41 	  75 	 48.00 
161 	  62 	 167.00 
 63 	 158 	 68.00 
 66 	  77 	 88.00 
 80 	 235 	 84.00 
196 	  86 	 219.00 
 93 	 244 	 98.00 
 57 	 107 	 83.00 
107 	 103 	 109.00 
150 	 112 	 170.00 
113 	 130 	 121.00 
157 	 124 	 114.00 
130 	 145 	 138.00 
 50 	 142 	 187.00 
144 	 126 	 151.00 
154 	 153 	 149.00 
157 	  50 	 160.00 
134 	 160 	 184.00 
161 	 174 	 166.00 
 48 	 176 	 174.00 
183 	 183 	 183.00 
226 	 184 	 164.00 
186 	 111 	 188.00 
192 	 190 	 234.00 
195 	 225 	 197.00 
212 	 212 	 242.00 
213 	 101 	 218.00 
140 	 224 	 152.00 
245 	 226 	 249.00 
144 	 261 	 ------------------------------------------------------------------- 
Bifurcations : 
------------------------------------------------------------------- 
X          Y     Angle 1     Angle 2    Angle 3 
154 	  12 	 231.00 	 	 14.00 	 	 225.00 
 17 	  89 	 21.00 	 	 96.00 	 	 28.00 
102 	  30 	 209.00 	 	 33.00 	 	 90.00 
 34 	 218 	 38.00 	 	 243.00 	 	 40.00 
 87 	  41 	 158.00 	 	 42.00 	 	 214.00 
 44 	  92 	 45.00 	 	 235.00 	 	 47.00 
169 	  48 	 246.00 	 	 61.00 	 	 209.00 
 64 	 192 	 69.00 	 	 261.00 	 	 79.00 
179 	  80 	 241.00 	 	 84.00 	 	 212.00 
 93 	 170 	 105.00 	 	 198.00 	 	 110.00 
131 	 112 	 144.00 	 	 113.00 	 	 264.00 
115 	 105 	 117.00 	 	 154.00 	 	 118.00 
270 	 123 	 110.00 	 	 124.00 	 	 257.00 
124 	 179 	 130.00 	 	 56.00 	 	 134.00 
171 	 153 	 178.00 	 	 156.00 	 	 167.00 
174 	 230 	 190.00 	 	 258.00 	 	 194.00 
266 	 195 	 160.00 	 	 220.00 	 	 105.00 
237 	 243 	 245.00 	 	 255.00 	 	 246.00 
202 	 251 	 106.00 	 	 257.00 	 	 231.00 
262 	 158 	 263.00 	 	 91.00 	 	 265.00 
144 	 267 	 213.00 	 	 271.00 	 	 203.00 
273 	 160 	 274.00 	 	 182.00 	 	 274.00 
148 	 277 	 213.00 	 	 279.00 	 	 206.00 
283 	 161 	 285.00 	 	 