------------------------------------------------------------------- 
Name: 4 
Date: 2018-04-13 
Number of Terminations: 53 
Number of Bifurcations: 69 
------------------------------------------------------------------- 
------------------------------------------------------------------- 
Terminations : 
------------------------------------------------------------------- 
X          Y     Angle 
149 	  18 	 0.79 
130 	  22 	 3.14 
156 	  23 	 3.14 
NaN 	 NaN 	 NaN 
 85 	  25 	 0.52 
139 	  29 	 0.00 
258 	  29 	 0.00 
165 	  30 	 3.14 
261 	  35 	 0.00 
222 	  37 	 2.62 
 79 	  41 	 0.79 
154 	  41 	 0.52 
110 	  43 	 0.79 
102 	  44 	 -2.62 
209 	  47 	 3.14 
161 	  48 	 0.00 
153 	  50 	 -2.62 
264 	  57 	 0.00 
 71 	  59 	 1.05 
209 	  66 	 3.14 
NaN 	 NaN 	 NaN 
 67 	  73 	 0.79 
264 	  76 	 -2.09 
177 	  79 	 -2.62 
204 	  86 	 2.62 
210 	  87 	 0.00 
 84 	  88 	 -2.36 
268 	  89 	 -1.57 
 60 	  92 	 0.79 
212 	 103 	 -0.52 
NaN 	 NaN 	 NaN 
247 	 110 	 0.00 
 52 	 122 	 1.05 
NaN 	 NaN 	 NaN 
254 	 125 	 -1.05 
145 	 133 	 -2.62 
 50 	 138 	 1.57 
223 	 151 	 -0.52 
196 	 153 	 3.14 
 95 	 154 	 -2.36 
 55 	 155 	 1.05 
 48 	 156 	 1.05 
206 	 156 	 -0.79 
211 	 161 	 2.36 
225 	 163 	 2.62 
 65 	 164 	 -2.09 
 48 	 171 	 1.05 
189 	 177 	 -2.62 
 43 	 189 	 1.05 
143 	 189 	 1.05 
222 	 196 	 2.09 
226 	 202 	 -1.57 
 43 	 214 	 0.00 
------------------------------------------------------------------- 
Bifurcations : 
------------------------------------------------------------------- 
X          Y     Angle 1     Angle 2    Angle 3 
NaN 	 NaN 	 NaN 	 	 NaN 	 	 0.00 
128 	  12 	 3.14 	 	 NaN 	 	 -0.52 
135 	  12 	 -2.36 	 	 1.57 	 	 0.00 
NaN 	 NaN 	 0.00 	 	 0.00 	 	 0.00 
208 	  18 	 3.14 	 	 1.05 	 	 -1.05 
 93 	  20 	 -2.36 	 	 1.57 	 	 0.52 
216 	  33 	 -2.62 	 	 1.05 	 	 -0.79 
151 	  34 	 -2.62 	 	 -1.57 	 	 0.52 
239 	  41 	 3.14 	 	 1.05 	 	 -0.79 
229 	  48 	 -2.62 	 	 1.57 	 	 -0.52 
247 	  60 	 3.14 	 	 1.05 	 	 -0.79 
NaN 	 NaN 	 0.00 	 	 0.00 	 	 0.00 
231 	  73 	 3.14 	 	 1.57 	 	 -0.52 
258 	  79 	 2.62 	 	 -1.57 	 	 0.00 
243 	  80 	 2.62 	 	 1.05 	 	 -0.79 
227 	  83 	 2.62 	 	 -1.57 	 	 0.00 
255 	  86 	 3.14 	 	 0.79 	 	 -0.79 
225 	  90 	 3.14 	 	 1.57 	 	 -0.52 
NaN 	 NaN 	 0.00 	 	 0.00 	 	 0.00 
NaN 	 NaN 	 0.00 	 	 0.00 	 	 0.00 
185 	 106 	 2.62 	 	 -1.57 	 	 0.52 
186 	 131 	 2.36 	 	 -2.09 	 	 0.52 
262 	 153 	 3.14 	 	 2.09 	 	 0.00 
160 	 170 	 3.14 	 	 -1.05 	 	 0.79 
 81 	 171 	 2.36 	 	 -2.09 	 	 0.52 
169 	 173 	 -2.09 	 	 1.05 	 	 0.00 
NaN 	 NaN 	 0.00 	 	 0.00 	 	 0.00 
166 	 179 	 -2.36 	 	 1.05 	 	 -0.52 
182 	 182 	 2.62 	 	 -2.09 	 	 0.79 
192 	 185 	 -2.36 	 	 0.79 	 	 -0.79 
178 	 187 	 3.14 	 	 -1.05 	 	 0.79 
261 	 191 	 2.09 	 	 -1.05 	 	 0.52 
 96 	 196 	 -2.36 	 	 1.57 	 	 0.52 
185 	 199 	 -2.62 	 	 0.79 	 	 -0.79 
 52 	 202 	 2.36 	 	 -2.09 	 	 0.52 
197 	 204 	 -2.36 	 	 1.57 	 	 -0.79 
268 	 206 	 3.14 	 	 1.57 	 	 -0.79 
 51 	 209 	 2.09 	 	 -1.57 	 	 0.00 
157 	 213 	 -2.62 	 	 1.57 	 	 0.00 
243 	 216 	 -2.62 	 	 2.09 	 	 -0.79 
185 	 217 	 -2.62 	 	 1.05 	 	 -0.79 
236 	 219 	 2.36 	 	 -1.57 	 	 0.00 
251 	 225 	 2.62 	 	 -1.57 	 	 0.52 
190 	 228 	 -2.62 	 	 1.57 	 	 0.00 
150 	 229 	 -2.62 	 	 -1.57 	 	 0.52 
NaN 	 NaN 	 0.00 	 	 0.00 	 	 0.00 
NaN 	 NaN 	 0.00 	 	 0.00 	 	 0.00 
179 	 234 	 -2.62 	 	 1.05 	 	 -0.79 
152 	 235 	 -2.62 	 	 2.09 	 	 0.00 
124 	 236 	 -2.62 	 	 1.57 	 	 0.00 
 68 	 237 	 -2.62 	 	 1.57 	 	 0.00 
142 	 237 	 -2.36 	 	 1.57 	 	 -0.52 
 84 	 241 	 3.14 	 	 1.05 	 	 -0.79 
 52 	 247 	 2.36 	 	 -2.09 	 	 0.00 
198 	 247 	 -2.62 	 	 2.09 	 	 -0.79 
146 	 248 	 2.62 	 	 -1.57 	 	 1.05 
169 	 251 	 3.14 	 	 1.05 	 	 -0.79 
218 	 253 	 -2.36 	 	 2.09 	 	 -0.79 
233 	 253 	 3.14 	 	 1.05 	 	 -0.79 
146 	 254 	 -2.62 	 	 1.57 	 	 0.00 
131 	 255 	 -2.62 	 	 1.05 	 	 -0.52 
161 	 264 	 2.62 	 	 -1.57 	 	 0.52 
NaN 	 NaN 	 0.00 	 	 0.00 	 	 0.00 
200 	 273 	 3.14 	 	 -2.36 	 	 -0.52 
135 	 274 	 3.14 	 	 -1.57 	 	 0.52 
117 	 276 	 3.14 	 	 -1.57 	 	 0.00 
109 	 277 	 3.14 	 	 -1.57 	 	 0.52 
214 	 280 	 2.36 	 	 -2.09 	 	 -0.52 
175 	 289 	 2.62 	 	 -2.09 	 	 0.00 
