------------------------------------------------------------------- 
Name: 50 
Date: 2018-04-14 
Number of Terminations: 52 
Number of Bifurcations: 40 
------------------------------------------------------------------- 
------------------------------------------------------------------- 
Terminations : 
------------------------------------------------------------------- 
X          Y     Angle 
221 	  17 	 2.62 
 89 	  22 	 0.79 
231 	  27 	 3.14 
 99 	  30 	 2.09 
227 	  36 	 3.14 
234 	  36 	 -0.52 
241 	  37 	 3.14 
123 	  41 	 0.79 
227 	  44 	 -2.62 
NaN 	 NaN 	 NaN 
232 	  48 	 0.00 
119 	  49 	 -2.09 
249 	  49 	 2.62 
NaN 	 NaN 	 NaN 
 70 	  63 	 1.05 
NaN 	 NaN 	 NaN 
211 	  77 	 -2.62 
220 	  78 	 0.52 
NaN 	 NaN 	 NaN 
NaN 	 NaN 	 NaN 
173 	  84 	 0.00 
 96 	  87 	 -2.36 
NaN 	 NaN 	 NaN 
167 	  88 	 -2.62 
NaN 	 NaN 	 NaN 
213 	  90 	 0.52 
 61 	  95 	 1.05 
 57 	 119 	 1.05 
195 	 137 	 -2.36 
 55 	 139 	 1.57 
276 	 140 	 0.00 
219 	 142 	 -2.62 
227 	 143 	 -0.52 
188 	 145 	 1.05 
272 	 156 	 -2.36 
 48 	 166 	 1.05 
185 	 172 	 1.05 
NaN 	 NaN 	 NaN 
 49 	 179 	 1.05 
187 	 194 	 1.05 
228 	 197 	 -2.62 
221 	 200 	 0.52 
 48 	 202 	 1.05 
214 	 203 	 -2.09 
210 	 209 	 0.79 
229 	 215 	 0.00 
 49 	 222 	 1.05 
 95 	 230 	 -1.05 
101 	 231 	 2.09 
NaN 	 NaN 	 NaN 
213 	 248 	 -2.09 
227 	 257 	 -2.09 
------------------------------------------------------------------- 
Bifurcations : 
------------------------------------------------------------------- 
X          Y     Angle 1     Angle 2    Angle 3 
112 	  13 	 2.36 	 	 NaN 	 	 NaN 
NaN 	 NaN 	 0.00 	 	 NaN 	 	 0.00 
NaN 	 NaN 	 0.00 	 	 0.00 	 	 0.00 
161 	  79 	 -2.62 	 	 1.57 	 	 0.00 
150 	  89 	 3.14 	 	 -1.57 	 	 0.52 
146 	  94 	 -2.62 	 	 2.09 	 	 0.52 
264 	 109 	 3.14 	 	 0.79 	 	 -0.79 
NaN 	 NaN 	 0.00 	 	 0.00 	 	 0.00 
NaN 	 NaN 	 0.00 	 	 0.00 	 	 0.00 
152 	 120 	 3.14 	 	 -2.09 	 	 1.05 
194 	 131 	 -2.62 	 	 -2.36 	 	 0.52 
264 	 134 	 2.62 	 	 1.05 	 	 -0.79 
168 	 151 	 3.14 	 	 -2.36 	 	 1.05 
254 	 168 	 -2.62 	 	 1.05 	 	 -0.52 
266 	 178 	 3.14 	 	 1.05 	 	 -1.05 
157 	 188 	 3.14 	 	 -2.09 	 	 1.05 
NaN 	 NaN 	 0.00 	 	 0.00 	 	 0.00 
265 	 193 	 3.14 	 	 0.79 	 	 -0.79 
NaN 	 NaN 	 0.00 	 	 0.00 	 	 0.00 
114 	 204 	 3.14 	 	 -2.36 	 	 1.05 
271 	 207 	 3.14 	 	 1.57 	 	 -0.52 
245 	 221 	 3.14 	 	 -1.05 	 	 0.79 
NaN 	 NaN 	 0.00 	 	 0.00 	 	 0.00 
NaN 	 NaN 	 0.00 	 	 0.00 	 	 0.00 
172 	 224 	 3.14 	 	 -2.09 	 	 1.05 
227 	 224 	 2.36 	 	 -1.57 	 	 0.00 
207 	 225 	 3.14 	 	 -1.57 	 	 1.05 
249 	 226 	 2.36 	 	 -1.05 	 	 0.79 
233 	 227 	 2.62 	 	 -2.36 	 	 -0.52 
217 	 228 	 -2.36 	 	 1.05 	 	 -0.79 
215 	 237 	 -2.09 	 	 1.57 	 	 0.52 
 93 	 241 	 -2.36 	 	 1.57 	 	 -1.05 
 90 	 248 	 -2.36 	 	 2.09 	 	 0.79 
NaN 	 NaN 	 0.00 	 	 0.00 	 	 0.00 
NaN 	 NaN 	 0.00 	 	 0.00 	 	 0.00 
244 	 257 	 2.09 	 	 -1.57 	 	 0.00 
NaN 	 NaN 	 0.00 	 	 0.00 	 	 0.00 
235 	 271 	 -2.36 	 	 2.09 	 	 -0.52 
210 	 274 	 -2.36 	 	 1.57 	 	 0.00 
191 	 283 	 2.36 	 	 -1.05 	 	 -0.79 
