------------------------------------------------------------------- 
Name: 51 
Date: 2018-04-14 
Number of Terminations: 60 
Number of Bifurcations: 46 
------------------------------------------------------------------- 
------------------------------------------------------------------- 
Terminations : 
------------------------------------------------------------------- 
X          Y     Angle 
208 	  15 	 3.14 
206 	  23 	 3.14 
214 	  23 	 0.52 
220 	  23 	 3.14 
106 	  25 	 0.00 
212 	  32 	 0.00 
236 	  37 	 2.62 
194 	  39 	 3.14 
210 	  42 	 0.00 
238 	  47 	 2.62 
 69 	  49 	 0.52 
199 	  51 	 2.62 
NaN 	 NaN 	 NaN 
206 	  52 	 0.00 
197 	  61 	 3.14 
203 	  62 	 0.00 
249 	  62 	 3.14 
 65 	  66 	 1.05 
252 	  75 	 2.62 
181 	  77 	 2.62 
 77 	  79 	 1.05 
198 	  79 	 0.00 
 86 	  84 	 0.79 
 74 	  85 	 -2.09 
186 	  86 	 3.14 
262 	  87 	 -2.09 
195 	  88 	 0.00 
 79 	  89 	 -0.79 
 59 	  90 	 1.05 
239 	  92 	 2.62 
NaN 	 NaN 	 NaN 
184 	  95 	 3.14 
246 	  96 	 -0.52 
190 	  98 	 0.00 
263 	 107 	 2.09 
 56 	 108 	 1.05 
173 	 116 	 -2.62 
277 	 116 	 -0.79 
179 	 118 	 0.00 
168 	 125 	 -2.62 
176 	 126 	 0.00 
NaN 	 NaN 	 NaN 
NaN 	 NaN 	 NaN 
241 	 140 	 2.62 
NaN 	 NaN 	 NaN 
 48 	 142 	 1.05 
 34 	 155 	 1.57 
 44 	 162 	 1.05 
 34 	 167 	 -1.57 
NaN 	 NaN 	 NaN 
NaN 	 NaN 	 NaN 
150 	 183 	 -2.62 
142 	 191 	 1.05 
 43 	 194 	 1.05 
 42 	 214 	 1.05 
138 	 218 	 1.05 
203 	 224 	 -0.52 
140 	 238 	 1.05 
179 	 243 	 -2.62 
203 	 255 	 -1.57 
------------------------------------------------------------------- 
Bifurcations : 
------------------------------------------------------------------- 
X          Y     Angle 1     Angle 2    Angle 3 
121 	 123 	 -2.62 	 	 NaN 	 	 0.00 
260 	 128 	 2.36 	 	 NaN 	 	 0.00 
NaN 	 NaN 	 0.00 	 	 0.00 	 	 0.00 
264 	 139 	 2.62 	 	 1.05 	 	 -1.05 
151 	 143 	 -2.62 	 	 1.57 	 	 0.79 
NaN 	 NaN 	 0.00 	 	 0.00 	 	 0.00 
NaN 	 NaN 	 0.00 	 	 0.00 	 	 0.00 
263 	 162 	 3.14 	 	 -1.57 	 	 1.05 
138 	 178 	 3.14 	 	 -2.36 	 	 1.05 
NaN 	 NaN 	 0.00 	 	 0.00 	 	 0.00 
109 	 183 	 -2.36 	 	 1.05 	 	 -0.52 
284 	 187 	 2.09 	 	 -2.09 	 	 0.00 
116 	 188 	 2.36 	 	 -2.09 	 	 0.52 
255 	 189 	 2.62 	 	 1.05 	 	 -0.79 
NaN 	 NaN 	 0.00 	 	 0.00 	 	 0.00 
263 	 195 	 2.62 	 	 1.05 	 	 -1.05 
NaN 	 NaN 	 0.00 	 	 0.00 	 	 0.00 
265 	 207 	 3.14 	 	 1.05 	 	 -0.79 
 88 	 212 	 -2.36 	 	 2.09 	 	 0.52 
123 	 212 	 3.14 	 	 -2.09 	 	 1.05 
111 	 213 	 3.14 	 	 -2.09 	 	 1.05 
206 	 217 	 3.14 	 	 1.57 	 	 -0.79 
228 	 223 	 -2.62 	 	 1.57 	 	 0.00 
NaN 	 NaN 	 0.00 	 	 0.00 	 	 0.00 
 42 	 233 	 -2.62 	 	 1.05 	 	 -0.79 
262 	 236 	 3.14 	 	 1.57 	 	 -0.79 
150 	 238 	 -2.62 	 	 1.05 	 	 -0.79 
222 	 250 	 -2.62 	 	 2.09 	 	 -0.79 
NaN 	 NaN 	 0.00 	 	 0.00 	 	 0.00 
 96 	 255 	 3.14 	 	 -1.57 	 	 0.79 
214 	 256 	 2.36 	 	 -1.57 	 	 0.79 
 59 	 259 	 2.36 	 	 -1.57 	 	 0.79 
 93 	 261 	 2.36 	 	 -2.36 	 	 0.79 
180 	 261 	 -2.36 	 	 2.09 	 	 0.00 
201 	 261 	 2.62 	 	 1.05 	 	 -0.79 
246 	 261 	 2.62 	 	 -1.57 	 	 0.79 
NaN 	 NaN 	 0.00 	 	 0.00 	 	 0.00 
NaN 	 NaN 	 0.00 	 	 0.00 	 	 0.00 
176 	 268 	 3.14 	 	 1.57 	 	 -0.79 
180 	 273 	 -2.36 	 	 2.09 	 	 0.00 
213 	 277 	 -2.62 	 	 1.57 	 	 -0.79 
204 	 279 	 2.36 	 	 -1.57 	 	 0.00 
193 	 282 	 3.14 	 	 1.57 	 	 -0.79 
185 	 285 	 3.14 	 	 -1.05 	 	 0.79 
163 	 287 	 3.14 	 	 -1.57 	 	 1.05 
178 	 287 	 -2.36 	 	 2.09 	 	 0.52 
