------------------------------------------------------------------- 
Name: 52 
Date: 2018-04-14 
Number of Terminations: 48 
Number of Bifurcations: 65 
------------------------------------------------------------------- 
------------------------------------------------------------------- 
Terminations : 
------------------------------------------------------------------- 
X          Y     Angle 
 93 	  12 	 187.00 
 12 	 174 	 18.00 
182 	  21 	 226.00 
 26 	 233 	 30.00 
 75 	  41 	 250.00 
 42 	 274 	 43.00 
154 	  54 	 128.00 
 57 	 160 	 57.00 
258 	  62 	 67.00 
 63 	 116 	 63.00 
148 	  63 	 277.00 
 68 	 151 	 69.00 
107 	  70 	 224.00 
 74 	 260 	 76.00 
 61 	  83 	 54.00 
107 	 266 	 113.00 
161 	 118 	 264.00 
128 	  49 	 130.00 
260 	 134 	 117.00 
143 	 262 	 144.00 
182 	 153 	 187.00 
157 	 264 	 157.00 
 34 	 159 	 223.00 
166 	  34 	 167.00 
239 	 167 	 155.00 
170 	 262 	 174.00 
180 	 183 	 41.00 
205 	 234 	 208.00 
139 	 217 	 152.00 
226 	 266 	 229.00 
183 	 232 	 45.00 
264 	 167 	 282.00 
------------------------------------------------------------------- 
Bifurcations : 
------------------------------------------------------------------- 
X          Y     Angle 1     Angle 2    Angle 3 
109 	  62 	 243.00 	 	 62.00 	 	 134.00 
 72 	 137 	 81.00 	 	 111.00 	 	 87.00 
179 	  92 	 127.00 	 	 97.00 	 	 146.00 
 98 	 261 	 105.00 	 	 90.00 	 	 109.00 
 96 	 114 	 115.00 	 	 120.00 	 	 40.00 
131 	  71 	 132.00 	 	 249.00 	 	 138.00 
 67 	 139 	 90.00 	 	 139.00 	 	 244.00 
143 	 138 	 151.00 	 	 206.00 	 	 151.00 
194 	 153 	 199.00 	 	 160.00 	 	 111.00 
161 	  97 	 165.00 	 	 108.00 	 	 167.00 
233 	 171 	 161.00 	 	 177.00 	 	 135.00 
194 	 154 	 194.00 	 	 144.00 	 	 197.00 
153 	 201 	 163.00 	 	 212.00 	 	 276.00 
214 	  33 	 215.00 	 	 150.00 	 	 216.00 
231 	 218 	 163.00 	 	 219.00 	 	 209.00 
219 	 105 	 222.00 	 	 115.00 	 	 222.00 
212 	 225 	 33.00 	 	 226.00 	 	 213.00 
231 	 101 	 233.00 	 	 165.00 	 	 242.00 
 63 	 249 	 69.00 	 	 252.00 	 	 222.00 
252 	 214 	 253.00 	 	 116.00 	 	 255.00 
146 	 257 	 127.00 	 	 262.00 	 	 141.00 
264 	 170 	 266.00 	 	 242.00 	 	 267.00 
123 	 270 	 88.00 	 	 271.00 	 	 246.00 
273 	  94 	 274.00 	 	 148.00 	 	 275.00 
130 	 276 	 81.00 	 	 279.00 	 	 231.00 
279 	 156 	 282.00 	 	 151.00 	 	 287.00 
