------------------------------------------------------------------- 
Name: 55 
Date: 2018-04-14 
Number of Terminations: 51 
Number of Bifurcations: 68 
------------------------------------------------------------------- 
------------------------------------------------------------------- 
Terminations : 
------------------------------------------------------------------- 
X          Y     Angle 
 88 	  17 	 195.00 
 18 	 233 	 19.00 
201 	  22 	 81.00 
 26 	  78 	 32.00 
242 	  33 	 184.00 
 40 	 190 	 42.00 
122 	  49 	 179.00 
 50 	 187 	 51.00 
255 	  55 	 175.00 
 59 	 253 	 64.00 
178 	  66 	 133.00 
 67 	  63 	 68.00 
277 	  69 	 265.00 
 84 	  58 	 94.00 
269 	 105 	 159.00 
108 	  52 	 115.00 
190 	 115 	 150.00 
116 	 267 	 118.00 
188 	 123 	 267.00 
134 	  49 	 139.00 
216 	 139 	 145.00 
142 	 213 	 150.00 
219 	 154 	 34.00 
158 	  34 	 165.00 
186 	 169 	 41.00 
171 	 156 	 171.00 
168 	 178 	 41.00 
185 	 262 	 189.00 
 44 	 199 	 269.00 
200 	 168 	 217.00 
139 	 223 	 43.00 
227 	 213 	 232.00 
201 	 242 	 40.00 
266 	 195 	 285.00 
------------------------------------------------------------------- 
Bifurcations : 
------------------------------------------------------------------- 
X          Y     Angle 1     Angle 2    Angle 3 
195 	  32 	 130.00 	 	 48.00 	 	 162.00 
 68 	 112 	 79.00 	 	 107.00 	 	 84.00 
118 	  89 	 146.00 	 	 103.00 	 	 131.00 
120 	 131 	 134.00 	 	 128.00 	 	 140.00 
138 	 143 	 175.00 	 	 146.00 	 	 111.00 
148 	 237 	 148.00 	 	 135.00 	 	 149.00 
 62 	 152 	 118.00 	 	 153.00 	 	 69.00 
154 	 106 	 154.00 	 	 231.00 	 	 157.00 
139 	 160 	 157.00 	 	 162.00 	 	 174.00 
165 	 236 	 165.00 	 	 136.00 	 	 167.00 
138 	 181 	 134.00 	 	 186.00 	 	 163.00 
195 	 184 	 195.00 	 	 115.00 	 	 197.00 
173 	 198 	 155.00 	 	 199.00 	 	 182.00 
201 	 122 	 206.00 	 	 119.00 	 	 212.00 
137 	 213 	 58.00 	 	 222.00 	 	 67.00 
223 	 132 	 224.00 	 	 261.00 	 	 227.00 
128 	 235 	 49.00 	 	 239.00 	 	 263.00 
240 	 271 	 244.00 	 	 257.00 	 	 246.00 
 88 	 250 	 94.00 	 	 253.00 	 	 75.00 
254 	 107 	 255.00 	 	 144.00 	 	 256.00 
116 	 257 	 260.00 	 	 259.00 	 	 60.00 
260 	 171 	 263.00 	 	 153.00 	 	 265.00 
185 	 266 	 199.00 	 	 266.00 	 	 124.00 
269 	 150 	 271.00 	 	 111.00 	 	 272.00 
133 	 273 	 194.00 	 	 274.00 	 	 203.00 
275 	 157 	 278.00 	 	 145.00 	 	 280.00 
173 	 280 	 104.00 	 	 282.00 	 	 224.00 
285 	 