------------------------------------------------------------------- 
Name: 57 
Date: 2018-04-14 
Number of Terminations: 82 
Number of Bifurcations: 103 
------------------------------------------------------------------- 
------------------------------------------------------------------- 
Terminations : 
------------------------------------------------------------------- 
X          Y     Angle 
155 	  12 	 -1.57 
 96 	  14 	 -1.57 
259 	  14 	 -1.57 
NaN 	 NaN 	 NaN 
 84 	  20 	 1.57 
156 	  20 	 1.57 
146 	  23 	 2.09 
NaN 	 NaN 	 NaN 
163 	  32 	 0.79 
248 	  32 	 2.09 
 80 	  40 	 0.00 
264 	  44 	 0.79 
160 	  45 	 0.79 
177 	  45 	 0.00 
 75 	  51 	 0.00 
 99 	  56 	 3.14 
154 	  61 	 1.05 
188 	  62 	 0.00 
NaN 	 NaN 	 NaN 
182 	  63 	 2.62 
147 	  66 	 1.57 
153 	  74 	 1.05 
145 	  79 	 1.57 
NaN 	 NaN 	 NaN 
214 	  80 	 2.62 
151 	  87 	 1.05 
143 	  90 	 1.57 
 64 	  93 	 0.79 
212 	  97 	 3.14 
150 	  99 	 1.57 
217 	 103 	 -0.52 
 58 	 109 	 0.79 
182 	 126 	 0.00 
276 	 127 	 -1.57 
 54 	 132 	 0.79 
218 	 132 	 2.09 
162 	 135 	 -2.36 
241 	 139 	 1.57 
100 	 141 	 -1.57 
157 	 142 	 0.79 
208 	 149 	 3.14 
103 	 153 	 -1.05 
NaN 	 NaN 	 NaN 
142 	 154 	 1.05 
116 	 157 	 1.57 
210 	 166 	 -1.57 
201 	 167 	 -2.09 
122 	 170 	 -2.09 
 47 	 176 	 1.57 
124 	 176 	 2.09 
165 	 176 	 1.05 
145 	 179 	 1.57 
 48 	 185 	 0.79 
168 	 186 	 1.57 
170 	 194 	 -1.57 
206 	 198 	 0.00 
 58 	 199 	 -2.62 
246 	 200 	 1.57 
111 	 203 	 0.00 
145 	 203 	 -0.52 
NaN 	 NaN 	 NaN 
108 	 209 	 1.05 
157 	 209 	 -2.09 
193 	 213 	 0.00 
130 	 215 	 2.09 
 89 	 216 	 0.00 
110 	 216 	 2.62 
163 	 217 	 -1.05 
125 	 219 	 -0.52 
NaN 	 NaN 	 NaN 
NaN 	 NaN 	 NaN 
NaN 	 NaN 	 NaN 
118 	 230 	 0.79 
237 	 233 	 1.57 
105 	 234 	 -2.36 
124 	 241 	 0.52 
131 	 245 	 -2.62 
140 	 246 	 -1.57 
157 	 247 	 0.79 
109 	 263 	 3.14 
NaN 	 NaN 	 NaN 
120 	 266 	 -2.62 
------------------------------------------------------------------- 
Bifurcations : 
------------------------------------------------------------------- 
X          Y     Angle 1     Angle 2    Angle 3 
NaN 	 NaN 	 NaN 	 	 NaN 	 	 0.00 
NaN 	 NaN 	 0.00 	 	 NaN 	 	 0.00 
237 	  23 	 2.62 	 	 NaN 	 	 -0.52 
231 	  30 	 3.14 	 	 0.79 	 	 -0.52 
NaN 	 NaN 	 0.00 	 	 0.00 	 	 0.00 
NaN 	 NaN 	 0.00 	 	 0.00 	 	 0.00 
220 	  48 	 -2.62 	 	 1.57 	 	 -0.52 
174 	  52 	 2.36 	 	 -2.36 	 	 0.00 
 81 	  58 	 -2.62 	 	 1.57 	 	 -0.52 
254 	  58 	 2.62 	 	 -1.05 	 	 0.79 
 88 	  60 	 3.14 	 	 1.57 	 	 -0.52 
NaN 	 NaN 	 0.00 	 	 0.00 	 	 0.00 
 76 	  79 	 3.14 	 	 -1.57 	 	 0.52 
172 	  81 	 3.14 	 	 1.57 	 	 0.52 
245 	  84 	 -2.36 	 	 2.09 	 	 0.00 
 77 	  87 	 -2.62 	 	 1.57 	 	 0.00 
 69 	  89 	 -2.62 	 	 1.57 	 	 0.00 
107 	  92 	 2.62 	 	 -1.57 	 	 0.00 
164 	  92 	 -2.62 	 	 -1.57 	 	 0.00 
201 	  92 	 -2.62 	 	 2.09 	 	 -0.52 
178 	  98 	 2.36 	 	 -2.36 	 	 0.00 
194 	 100 	 2.62 	 	 -1.05 	 	 0.52 
126 	 103 	 3.14 	 	 2.09 	 	 -1.05 
163 	 103 	 -2.62 	 	 1.05 	 	 0.00 
NaN 	 NaN 	 0.00 	 	 0.00 	 	 0.00 
NaN 	 NaN 	 0.00 	 	 0.00 	 	 0.00 
168 	 111 	 3.14 	 	 1.57 	 	 0.00 
107 	 115 	 3.14 	 	 1.05 	 	 -0.79 
NaN 	 NaN 	 0.00 	 	 0.00 	 	 0.00 
201 	 119 	 3.14 	 	 1.57 	 	 -0.79 
268 	 125 	 3.14 	 	 -1.57 	 	 1.05 
 87 	 126 	 3.14 	 	 -1.57 	 	 0.52 
112 	 129 	 -2.62 	 	 1.05 	 	 -0.79 
224 	 129 	 -2.09 	 	 1.57 	 	 -0.52 
NaN 	 NaN 	 0.00 	 	 0.00 	 	 0.00 
 88 	 133 	 -2.36 	 	 1.57 	 	 0.00 
210 	 134 	 -2.36 	 	 2.09 	 	 -0.79 
 95 	 135 	 2.36 	 	 -2.09 	 	 0.52 
NaN 	 NaN 	 0.00 	 	 0.00 	 	 0.00 
106 	 140 	 2.36 	 	 -1.57 	 	 0.79 
 90 	 144 	 2.62 	 	 -2.09 	 	 1.05 
NaN 	 NaN 	 0.00 	 	 0.00 	 	 0.00 
191 	 149 	 2.62 	 	 -2.09 	 	 1.05 
258 	 151 	 3.14 	 	 1.57 	 	 -0.79 
252 	 152 	 2.09 	 	 -1.57 	 	 0.00 
 71 	 155 	 -2.36 	 	 1.57 	 	 0.00 
NaN 	 NaN 	 0.00 	 	 0.00 	 	 0.00 
181 	 161 	 2.09 	 	 -1.05 	 	 0.79 
270 	 161 	 3.14 	 	 -1.57 	 	 0.79 
229 	 162 	 -2.62 	 	 2.09 	 	 -1.05 
 62 	 168 	 -2.62 	 	 1.05 	 	 -0.52 
228 	 168 	 2.09 	 	 -1.57 	 	 0.79 
131 	 171 	 2.36 	 	 -1.57 	 	 0.52 
274 	 172 	 2.09 	 	 -2.09 	 	 0.00 
NaN 	 NaN 	 0.00 	 	 0.00 	 	 0.00 
206 	 177 	 3.14 	 	 1.05 	 	 -1.05 
228 	 178 	 -2.36 	 	 1.57 	 	 -0.52 
201 	 182 	 -2.62 	 	 1.57 	 	 0.00 
272 	 185 	 2.09 	 	 -2.09 	 	 0.00 
241 	 191 	 -2.36 	 	 2.09 	 	 -0.52 
203 	 192 	 3.14 	 	 -1.57 	 	 0.79 
NaN 	 NaN 	 0.00 	 	 0.00 	 	 0.00 
267 	 193 	 2.62 	 	 -1.05 	 	 0.79 
219 	 195 	 2.36 	 	 -1.57 	 	 0.52 
 71 	 199 	 -2.36 	 	 2.09 	 	 0.52 
 66 	 203 	 -2.62 	 	 -1.05 	 	 0.52 
229 	 203 	 -2.62 	 	 1.05 	 	 -1.05 
215 	 204 	 -2.62 	 	 1.57 	 	 -0.52 
 70 	 209 	 -2.36 	 	 2.09 	 	 0.00 
184 	 209 	 -2.62 	 	 1.57 	 	 0.00 
211 	 213 	 3.14 	 	 1.57 	 	 0.52 
231 	 213 	 -2.62 	 	 1.05 	 	 -0.52 
153 	 217 	 -2.62 	 	 1.57 	 	 -0.79 
188 	 218 	 2.36 	 	 -2.36 	 	 -0.52 
 56 	 221 	 2.36 	 	 -1.57 	 	 0.79 
250 	 222 	 2.36 	 	 -1.57 	 	 0.00 
NaN 	 NaN 	 0.00 	 	 0.00 	 	 0.00 
188 	 227 	 3.14 	 	 1.05 	 	 -0.52 
259 	 234 	 2.62 	 	 -2.36 	 	 0.00 
 51 	 238 	 3.14 	 	 -1.05 	 	 0.79 
251 	 241 	 2.36 	 	 -1.05 	 	 0.79 
215 	 243 	 2.62 	 	 -1.57 	 	 0.00 
107 	 244 	 3.14 	 	 -1.05 	 	 0.79 
NaN 	 NaN 	 0.00 	 	 0.00 	 	 0.00 
181 	 248 	 2.62 	 	 -2.09 	 	 0.00 
NaN 	 NaN 	 0.00 	 	 0.00 	 	 0.00 
201 	 248 	 2.62 	 	 -2.09 	 	 0.00 
253 	 248 	 3.14 	 	 1.57 	 	 -0.79 
246 	 249 	 2.62 	 	 -1.57 	 	 0.00 
 88 	 252 	 -2.36 	 	 1.57 	 	 0.52 
142 	 252 	 2.09 	 	 -1.57 	 	 0.52 
198 	 254 	 3.14 	 	 1.57 	 	 -0.79 
NaN 	 NaN 	 0.00 	 	 0.00 	 	 0.00 
NaN 	 NaN 	 0.00 	 	 0.00 	 	 0.00 
NaN 	 NaN 	 0.00 	 	 0.00 	 	 0.00 
225 	 258 	 2.36 	 	 -2.09 	 	 0.00 
234 	 262 	 2.62 	 	 0.79 	 	 -0.79 
223 	 264 	 3.14 	 	 1.57 	 	 -0.79 
247 	 270 	 3.14 	 	 1.57 	 	 -0.79 
123 	 274 	 3.14 	 	 -1.57 	 	 0.00 
192 	 276 	 2.62 	 	 -2.36 	 	 -0.52 
162 	 279 	 2.62 	 	 -2.09 	 	 -0.52 
197 	 280 	 2.36 	 	 -2.36 	 	 -0.52 
