------------------------------------------------------------------- 
Name: 58 
Date: 2018-04-14 
Number of Terminations: 79 
Number of Bifurcations: 95 
------------------------------------------------------------------- 
------------------------------------------------------------------- 
Terminations : 
------------------------------------------------------------------- 
X          Y     Angle 
168 	  14 	 2.09 
232 	  15 	 3.14 
173 	  24 	 3.14 
269 	  24 	 1.57 
186 	  26 	 1.05 
NaN 	 NaN 	 NaN 
NaN 	 NaN 	 NaN 
254 	  41 	 2.36 
 80 	  44 	 1.05 
227 	  44 	 0.00 
169 	  45 	 2.09 
177 	  48 	 2.09 
 76 	  52 	 0.00 
167 	  54 	 1.05 
174 	  54 	 -1.05 
272 	  55 	 2.09 
263 	  56 	 2.62 
185 	  59 	 0.52 
177 	  60 	 2.09 
 73 	  63 	 0.79 
199 	  73 	 0.52 
183 	  74 	 1.05 
 68 	  76 	 0.52 
NaN 	 NaN 	 NaN 
172 	  85 	 2.09 
 64 	  89 	 0.52 
178 	  91 	 1.05 
147 	  95 	 -0.52 
 63 	 101 	 1.05 
177 	 104 	 1.05 
238 	 104 	 2.62 
184 	 108 	 0.52 
169 	 110 	 1.57 
179 	 112 	 -2.36 
 59 	 113 	 0.79 
175 	 118 	 1.05 
167 	 121 	 1.57 
 57 	 122 	 0.52 
237 	 122 	 -2.62 
243 	 128 	 -0.79 
174 	 131 	 1.57 
158 	 135 	 2.36 
 56 	 136 	 1.05 
123 	 140 	 2.36 
NaN 	 NaN 	 NaN 
 51 	 157 	 1.05 
NaN 	 NaN 	 NaN 
123 	 168 	 -1.57 
185 	 169 	 -2.09 
175 	 173 	 1.05 
181 	 175 	 0.79 
 50 	 177 	 1.57 
NaN 	 NaN 	 NaN 
145 	 186 	 1.57 
166 	 186 	 1.05 
NaN 	 NaN 	 NaN 
234 	 195 	 -1.57 
179 	 202 	 0.79 
NaN 	 NaN 	 NaN 
188 	 211 	 1.05 
168 	 214 	 1.57 
174 	 215 	 0.52 
191 	 222 	 1.57 
197 	 222 	 0.79 
NaN 	 NaN 	 NaN 
140 	 228 	 -2.09 
193 	 228 	 -2.09 
161 	 233 	 0.52 
166 	 237 	 -0.52 
192 	 238 	 0.00 
151 	 239 	 -1.05 
179 	 244 	 -2.09 
143 	 247 	 1.05 
189 	 247 	 0.52 
146 	 253 	 -0.52 
137 	 255 	 2.62 
152 	 265 	 3.14 
191 	 270 	 -0.52 
153 	 279 	 3.14 
------------------------------------------------------------------- 
Bifurcations : 
------------------------------------------------------------------- 
X          Y     Angle 1     Angle 2    Angle 3 
121 	  14 	 3.14 	 	 NaN 	 	 -0.52 
141 	  15 	 2.36 	 	 NaN 	 	 0.00 
128 	  16 	 3.14 	 	 0.79 	 	 -0.52 
209 	  18 	 -2.62 	 	 1.57 	 	 0.00 
137 	  20 	 3.14 	 	 0.79 	 	 -0.79 
110 	  24 	 2.62 	 	 -1.57 	 	 0.00 
123 	  26 	 2.62 	 	 -2.09 	 	 0.00 
109 	  33 	 3.14 	 	 1.57 	 	 0.00 
116 	  34 	 3.14 	 	 0.79 	 	 -0.79 
 88 	  40 	 -2.62 	 	 1.57 	 	 0.00 
148 	  58 	 2.36 	 	 -1.57 	 	 0.00 
154 	  62 	 3.14 	 	 2.09 	 	 -0.79 
NaN 	 NaN 	 0.00 	 	 0.00 	 	 0.00 
143 	  63 	 2.62 	 	 1.57 	 	 -0.79 
NaN 	 NaN 	 0.00 	 	 0.00 	 	 0.00 
243 	  69 	 3.14 	 	 2.09 	 	 -0.52 
106 	  78 	 2.62 	 	 1.05 	 	 -0.52 
196 	  81 	 2.36 	 	 -2.36 	 	 0.00 
190 	  82 	 -2.62 	 	 1.05 	 	 -0.52 
276 	  85 	 3.14 	 	 -1.05 	 	 0.79 
114 	  89 	 2.62 	 	 2.09 	 	 0.00 
NaN 	 NaN 	 0.00 	 	 0.00 	 	 0.00 
 95 	  99 	 -2.62 	 	 1.57 	 	 0.52 
272 	 106 	 -2.36 	 	 2.09 	 	 0.00 
NaN 	 NaN 	 0.00 	 	 0.00 	 	 0.00 
209 	 110 	 -2.62 	 	 1.57 	 	 0.00 
 64 	 120 	 3.14 	 	 -1.57 	 	 0.52 
279 	 120 	 3.14 	 	 1.57 	 	 0.52 
123 	 126 	 3.14 	 	 2.09 	 	 -0.52 
137 	 127 	 3.14 	 	 1.57 	 	 -1.05 
262 	 133 	 2.09 	 	 -1.05 	 	 0.52 
115 	 135 	 2.62 	 	 2.09 	 	 0.00 
NaN 	 NaN 	 0.00 	 	 0.00 	 	 0.00 
 99 	 136 	 -2.62 	 	 1.57 	 	 0.52 
233 	 136 	 -2.62 	 	 2.09 	 	 -0.79 
278 	 138 	 -2.62 	 	 1.57 	 	 0.00 
242 	 146 	 -2.36 	 	 2.09 	 	 -0.79 
 77 	 152 	 3.14 	 	 -1.05 	 	 0.79 
NaN 	 NaN 	 0.00 	 	 0.00 	 	 0.00 
249 	 153 	 2.36 	 	 -2.09 	 	 -0.52 
275 	 153 	 -2.36 	 	 2.09 	 	 0.00 
269 	 158 	 3.14 	 	 -1.57 	 	 0.52 
246 	 159 	 3.14 	 	 1.05 	 	 -1.05 
 70 	 161 	 2.09 	 	 -2.09 	 	 0.00 
 95 	 162 	 -2.62 	 	 -1.57 	 	 0.79 
235 	 163 	 -2.62 	 	 2.09 	 	 -0.79 
118 	 164 	 2.09 	 	 -2.09 	 	 0.52 
 90 	 168 	 -2.09 	 	 1.57 	 	 0.00 
NaN 	 NaN 	 0.00 	 	 0.00 	 	 0.00 
130 	 170 	 2.62 	 	 -1.57 	 	 0.79 
113 	 171 	 2.62 	 	 -1.57 	 	 0.79 
NaN 	 NaN 	 0.00 	 	 0.00 	 	 0.00 
NaN 	 NaN 	 0.00 	 	 0.00 	 	 0.00 
 71 	 177 	 -2.36 	 	 1.05 	 	 0.00 
 57 	 180 	 -2.09 	 	 1.57 	 	 0.00 
NaN 	 NaN 	 0.00 	 	 0.00 	 	 0.00 
215 	 181 	 2.62 	 	 -2.09 	 	 1.05 
 93 	 182 	 -2.36 	 	 1.57 	 	 0.00 
 65 	 183 	 2.36 	 	 -2.09 	 	 0.79 
272 	 185 	 2.09 	 	 -1.57 	 	 0.00 
 76 	 188 	 -2.36 	 	 2.09 	 	 0.52 
 84 	 194 	 -2.62 	 	 1.05 	 	 -0.52 
189 	 195 	 -2.36 	 	 1.57 	 	 -0.79 
NaN 	 NaN 	 0.00 	 	 0.00 	 	 0.00 
109 	 197 	 -2.36 	 	 1.57 	 	 -0.79 
271 	 199 	 3.14 	 	 1.57 	 	 -1.05 
NaN 	 NaN 	 0.00 	 	 0.00 	 	 0.00 
253 	 203 	 -2.36 	 	 2.09 	 	 -0.79 
NaN 	 NaN 	 0.00 	 	 0.00 	 	 0.00 
247 	 219 	 -2.62 	 	 1.57 	 	 0.00 
 57 	 221 	 2.36 	 	 -2.09 	 	 0.00 
242 	 223 	 2.62 	 	 -1.57 	 	 0.79 
NaN 	 NaN 	 0.00 	 	 0.00 	 	 0.00 
 59 	 227 	 2.36 	 	 -2.09 	 	 0.00 
222 	 227 	 -2.62 	 	 1.57 	 	 0.00 
 74 	 231 	 2.62 	 	 -1.05 	 	 0.79 
231 	 233 	 -2.62 	 	 1.57 	 	 0.00 
208 	 235 	 3.14 	 	 1.57 	 	 0.52 
 91 	 237 	 -2.36 	 	 2.09 	 	 0.00 
111 	 237 	 3.14 	 	 0.79 	 	 -0.79 
184 	 237 	 3.14 	 	 -1.05 	 	 -0.52 
NaN 	 NaN 	 0.00 	 	 0.00 	 	 0.00 
170 	 243 	 2.09 	 	 -2.09 	 	 0.00 
NaN 	 NaN 	 0.00 	 	 0.00 	 	 0.00 
NaN 	 NaN 	 0.00 	 	 0.00 	 	 0.00 
238 	 250 	 3.14 	 	 -1.57 	 	 0.52 
120 	 251 	 3.14 	 	 -1.57 	 	 0.79 
173 	 254 	 2.62 	 	 1.05 	 	 -1.05 
120 	 258 	 -2.36 	 	 1.57 	 	 0.00 
237 	 258 	 3.14 	 	 1.57 	 	 -0.52 
 83 	 260 	 2.62 	 	 1.57 	 	 -1.05 
NaN 	 NaN 	 0.00 	 	 0.00 	 	 0.00 
204 	 262 	 3.14 	 	 -1.57 	 	 0.00 
131 	 268 	 3.14 	 	 1.05 	 	 -1.05 
209 	 269 	 2.62 	 	 -2.09 	 	 -0.52 
