------------------------------------------------------------------- 
Name: 59 
Date: 2018-04-14 
Number of Terminations: 76 
Number of Bifurcations: 98 
------------------------------------------------------------------- 
------------------------------------------------------------------- 
Terminations : 
------------------------------------------------------------------- 
X          Y     Angle 
 97 	  11 	 0.00 
236 	  17 	 2.62 
 90 	  18 	 0.00 
164 	  18 	 -1.57 
157 	  23 	 1.05 
 88 	  27 	 0.00 
166 	  27 	 1.57 
173 	  37 	 0.52 
250 	  37 	 2.09 
 81 	  38 	 0.52 
NaN 	 NaN 	 NaN 
NaN 	 NaN 	 NaN 
186 	  51 	 0.52 
170 	  52 	 1.05 
263 	  59 	 1.57 
 69 	  61 	 0.52 
109 	  62 	 3.14 
158 	  62 	 1.57 
129 	  68 	 2.62 
164 	  68 	 0.79 
 70 	  70 	 0.00 
267 	  82 	 1.05 
155 	  87 	 1.57 
 62 	  94 	 0.52 
160 	  94 	 0.79 
153 	  98 	 1.57 
224 	  99 	 -2.62 
282 	 102 	 0.00 
168 	 105 	 0.79 
228 	 105 	 0.00 
NaN 	 NaN 	 NaN 
 59 	 111 	 1.05 
272 	 117 	 1.57 
NaN 	 NaN 	 NaN 
273 	 140 	 2.09 
172 	 143 	 -2.09 
110 	 146 	 -1.57 
273 	 156 	 2.09 
 50 	 161 	 1.57 
133 	 163 	 1.57 
127 	 164 	 2.09 
152 	 164 	 1.05 
NaN 	 NaN 	 NaN 
NaN 	 NaN 	 NaN 
222 	 171 	 -1.57 
176 	 184 	 1.05 
273 	 187 	 1.57 
 47 	 188 	 0.79 
198 	 192 	 -2.36 
131 	 193 	 0.00 
137 	 193 	 3.14 
180 	 193 	 1.57 
NaN 	 NaN 	 NaN 
260 	 200 	 1.05 
182 	 202 	 -1.57 
220 	 202 	 0.00 
182 	 211 	 0.00 
NaN 	 NaN 	 NaN 
142 	 215 	 -1.57 
135 	 217 	 3.14 
206 	 219 	 0.00 
180 	 220 	 0.79 
129 	 222 	 -2.62 
NaN 	 NaN 	 NaN 
176 	 227 	 -1.57 
136 	 229 	 -0.52 
129 	 232 	 3.14 
154 	 240 	 3.14 
137 	 252 	 0.79 
144 	 255 	 -2.62 
NaN 	 NaN 	 NaN 
NaN 	 NaN 	 NaN 
226 	 269 	 1.05 
124 	 273 	 -2.36 
134 	 277 	 -2.36 
151 	 278 	 2.62 
------------------------------------------------------------------- 
Bifurcations : 
------------------------------------------------------------------- 
X          Y     Angle 1     Angle 2    Angle 3 
148 	  11 	 3.14 	 	 NaN 	 	 -0.52 
217 	  17 	 2.62 	 	 NaN 	 	 0.52 
219 	  23 	 2.36 	 	 NaN 	 	 -0.52 
NaN 	 NaN 	 0.00 	 	 NaN 	 	 0.00 
137 	  37 	 2.36 	 	 NaN 	 	 -0.52 
 95 	  46 	 3.14 	 	 -1.57 	 	 0.52 
229 	  48 	 -2.62 	 	 2.09 	 	 -0.52 
 79 	  56 	 -2.62 	 	 1.57 	 	 0.00 
183 	  58 	 2.36 	 	 -2.36 	 	 0.00 
283 	  58 	 2.09 	 	 -1.57 	 	 0.79 
176 	  60 	 3.14 	 	 1.57 	 	 -0.52 
107 	  69 	 2.62 	 	 2.09 	 	 0.00 
NaN 	 NaN 	 0.00 	 	 0.00 	 	 0.00 
226 	  75 	 2.62 	 	 -2.09 	 	 0.00 
NaN 	 NaN 	 0.00 	 	 0.00 	 	 0.00 
255 	  81 	 2.62 	 	 -2.09 	 	 -0.52 
101 	  84 	 2.62 	 	 2.09 	 	 0.00 
199 	  85 	 2.62 	 	 2.09 	 	 0.52 
NaN 	 NaN 	 0.00 	 	 0.00 	 	 0.00 
 67 	  89 	 -2.09 	 	 1.57 	 	 0.00 
NaN 	 NaN 	 0.00 	 	 0.00 	 	 0.00 
186 	  94 	 -2.62 	 	 -2.09 	 	 0.00 
289 	  96 	 2.09 	 	 -2.09 	 	 0.00 
108 	 104 	 -2.62 	 	 2.09 	 	 -0.52 
267 	 106 	 2.36 	 	 -1.05 	 	 0.79 
NaN 	 NaN 	 0.00 	 	 0.00 	 	 0.00 
 89 	 113 	 3.14 	 	 -2.09 	 	 0.00 
NaN 	 NaN 	 0.00 	 	 0.00 	 	 0.00 
 82 	 116 	 -2.62 	 	 1.05 	 	 -0.52 
205 	 119 	 2.62 	 	 -1.05 	 	 0.52 
117 	 122 	 3.14 	 	 1.57 	 	 -0.79 
211 	 123 	 3.14 	 	 1.57 	 	 -0.79 
 84 	 127 	 -2.36 	 	 1.05 	 	 -0.52 
NaN 	 NaN 	 0.00 	 	 0.00 	 	 0.00 
NaN 	 NaN 	 0.00 	 	 0.00 	 	 0.00 
NaN 	 NaN 	 0.00 	 	 0.00 	 	 0.00 
NaN 	 NaN 	 0.00 	 	 0.00 	 	 0.00 
NaN 	 NaN 	 0.00 	 	 0.00 	 	 0.00 
 64 	 133 	 3.14 	 	 -1.05 	 	 0.79 
221 	 138 	 -2.36 	 	 1.57 	 	 -0.52 
NaN 	 NaN 	 0.00 	 	 0.00 	 	 0.00 
105 	 141 	 2.62 	 	 -2.09 	 	 0.00 
 59 	 142 	 2.36 	 	 -2.36 	 	 0.00 
NaN 	 NaN 	 0.00 	 	 0.00 	 	 0.00 
256 	 145 	 2.09 	 	 -2.09 	 	 0.00 
NaN 	 NaN 	 0.00 	 	 0.00 	 	 0.00 
 64 	 152 	 -2.36 	 	 1.05 	 	 0.00 
214 	 154 	 2.62 	 	 -1.57 	 	 0.79 
 73 	 155 	 3.14 	 	 -2.09 	 	 0.79 
201 	 155 	 2.36 	 	 -1.05 	 	 0.79 
NaN 	 NaN 	 0.00 	 	 0.00 	 	 0.00 
NaN 	 NaN 	 0.00 	 	 0.00 	 	 0.00 
NaN 	 NaN 	 0.00 	 	 0.00 	 	 0.00 
 82 	 161 	 -2.36 	 	 1.57 	 	 0.00 
 68 	 163 	 3.14 	 	 -1.57 	 	 0.79 
177 	 168 	 -2.36 	 	 2.09 	 	 -0.79 
272 	 172 	 2.09 	 	 -2.09 	 	 0.00 
 98 	 177 	 -2.62 	 	 2.09 	 	 0.00 
241 	 179 	 -2.36 	 	 2.09 	 	 -0.79 
142 	 180 	 2.36 	 	 -1.57 	 	 0.52 
NaN 	 NaN 	 0.00 	 	 0.00 	 	 0.00 
217 	 182 	 -2.62 	 	 -1.05 	 	 0.79 
 66 	 185 	 3.14 	 	 -2.09 	 	 0.79 
 53 	 186 	 3.14 	 	 -1.57 	 	 0.52 
213 	 187 	 -2.62 	 	 1.57 	 	 0.00 
 76 	 190 	 -2.36 	 	 1.57 	 	 -0.79 
255 	 191 	 2.36 	 	 -2.36 	 	 -0.52 
 51 	 194 	 -2.36 	 	 1.57 	 	 0.00 
 68 	 196 	 2.62 	 	 -2.09 	 	 0.52 
NaN 	 NaN 	 0.00 	 	 0.00 	 	 0.00 
233 	 198 	 3.14 	 	 -2.09 	 	 1.05 
193 	 200 	 -2.36 	 	 1.57 	 	 0.00 
243 	 205 	 3.14 	 	 1.57 	 	 -0.79 
203 	 206 	 3.14 	 	 1.57 	 	 0.52 
207 	 213 	 3.14 	 	 1.57 	 	 0.52 
236 	 214 	 -2.62 	 	 1.57 	 	 -0.52 
247 	 214 	 -2.62 	 	 2.09 	 	 -0.79 
166 	 227 	 -2.62 	 	 1.57 	 	 -1.05 
263 	 230 	 3.14 	 	 0.79 	 	 -0.79 
151 	 234 	 -2.09 	 	 1.57 	 	 0.00 
195 	 235 	 3.14 	 	 -1.57 	 	 0.00 
NaN 	 NaN 	 0.00 	 	 0.00 	 	 0.00 
 62 	 242 	 2.36 	 	 -2.09 	 	 0.52 
NaN 	 NaN 	 0.00 	 	 0.00 	 	 0.00 
100 	 243 	 3.14 	 	 -1.57 	 	 0.79 
220 	 244 	 -2.62 	 	 2.09 	 	 -0.52 
216 	 253 	 2.62 	 	 -1.57 	 	 0.00 
196 	 255 	 2.36 	 	 -2.62 	 	 0.00 
NaN 	 NaN 	 0.00 	 	 0.00 	 	 0.00 
216 	 261 	 3.14 	 	 1.57 	 	 0.00 
101 	 263 	 -2.36 	 	 1.57 	 	 0.52 
233 	 265 	 3.14 	 	 1.57 	 	 -0.52 
249 	 265 	 3.14 	 	 1.57 	 	 0.00 
239 	 266 	 3.14 	 	 1.57 	 	 -0.52 
NaN 	 NaN 	 0.00 	 	 0.00 	 	 0.00 
NaN 	 NaN 	 0.00 	 	 0.00 	 	 0.00 
252 	 274 	 -2.62 	 	 -2.09 	 	 0.00 
209 	 284 	 2.36 	 	 -2.09 	 	 0.00 
