------------------------------------------------------------------- 
Name: 60 
Date: 2018-04-14 
Number of Terminations: 75 
Number of Bifurcations: 97 
------------------------------------------------------------------- 
------------------------------------------------------------------- 
Terminations : 
------------------------------------------------------------------- 
X          Y     Angle 
237 	  12 	 2.62 
 96 	  13 	 0.52 
 92 	  20 	 0.00 
157 	  20 	 1.57 
NaN 	 NaN 	 NaN 
162 	  32 	 0.79 
255 	  39 	 2.09 
102 	  43 	 3.14 
NaN 	 NaN 	 NaN 
 75 	  50 	 0.52 
150 	  54 	 2.09 
278 	  56 	 -0.79 
155 	  61 	 1.05 
 71 	  63 	 0.52 
148 	  67 	 2.09 
 71 	  70 	 0.52 
153 	  75 	 1.05 
269 	  76 	 1.57 
215 	  78 	 -2.62 
146 	  79 	 1.57 
 66 	  84 	 0.79 
221 	  84 	 -0.79 
271 	  94 	 2.09 
 60 	 102 	 1.05 
NaN 	 NaN 	 NaN 
 55 	 125 	 0.79 
156 	 125 	 1.57 
103 	 127 	 -1.57 
281 	 131 	 0.00 
126 	 142 	 2.09 
144 	 144 	 1.05 
NaN 	 NaN 	 NaN 
213 	 148 	 -1.57 
 50 	 149 	 0.79 
149 	 169 	 1.57 
189 	 171 	 -2.36 
NaN 	 NaN 	 NaN 
129 	 173 	 3.14 
172 	 175 	 1.57 
210 	 180 	 0.00 
250 	 180 	 1.57 
174 	 184 	 -0.52 
158 	 187 	 -2.36 
NaN 	 NaN 	 NaN 
275 	 195 	 2.09 
126 	 197 	 3.14 
197 	 197 	 0.00 
 49 	 201 	 1.57 
170 	 201 	 0.79 
NaN 	 NaN 	 NaN 
167 	 207 	 -1.57 
142 	 209 	 -1.57 
242 	 210 	 2.36 
120 	 212 	 2.62 
NaN 	 NaN 	 NaN 
122 	 219 	 0.52 
185 	 219 	 -0.52 
NaN 	 NaN 	 NaN 
139 	 223 	 -2.09 
109 	 228 	 1.57 
116 	 229 	 -2.09 
NaN 	 NaN 	 NaN 
136 	 234 	 -2.62 
167 	 235 	 3.14 
161 	 236 	 0.79 
152 	 239 	 1.05 
118 	 246 	 0.79 
173 	 249 	 2.36 
130 	 252 	 -0.52 
NaN 	 NaN 	 NaN 
143 	 258 	 2.62 
152 	 265 	 -2.36 
158 	 266 	 0.00 
NaN 	 NaN 	 NaN 
200 	 269 	 -1.57 
------------------------------------------------------------------- 
Bifurcations : 
------------------------------------------------------------------- 
X          Y     Angle 1     Angle 2    Angle 3 
NaN 	 NaN 	 NaN 	 	 NaN 	 	 0.00 
107 	  22 	 3.14 	 	 NaN 	 	 -0.52 
115 	  25 	 3.14 	 	 1.05 	 	 -0.52 
 99 	  28 	 3.14 	 	 1.05 	 	 0.00 
222 	  28 	 -2.62 	 	 2.09 	 	 -0.52 
181 	  36 	 -2.62 	 	 1.57 	 	 0.00 
NaN 	 NaN 	 0.00 	 	 0.00 	 	 0.00 
175 	  38 	 2.36 	 	 -2.36 	 	 0.00 
 88 	  46 	 -2.62 	 	 1.57 	 	 -0.52 
100 	  50 	 2.62 	 	 2.09 	 	 0.00 
217 	  54 	 2.36 	 	 -2.09 	 	 0.00 
132 	  57 	 2.62 	 	 1.57 	 	 -0.79 
246 	  61 	 2.36 	 	 -2.09 	 	 -0.52 
189 	  62 	 -2.36 	 	 2.09 	 	 -0.52 
 79 	  67 	 -2.62 	 	 -1.57 	 	 0.52 
 79 	  75 	 -2.62 	 	 1.57 	 	 0.00 
NaN 	 NaN 	 0.00 	 	 0.00 	 	 0.00 
 91 	  85 	 3.14 	 	 -1.57 	 	 0.52 
100 	  85 	 2.62 	 	 2.09 	 	 0.00 
200 	  85 	 2.62 	 	 1.57 	 	 -0.52 
166 	  89 	 -2.36 	 	 1.05 	 	 0.00 
NaN 	 NaN 	 0.00 	 	 0.00 	 	 0.00 
184 	  94 	 3.14 	 	 1.05 	 	 0.00 
214 	  94 	 2.36 	 	 -1.57 	 	 0.00 
219 	 100 	 2.36 	 	 -2.09 	 	 -0.52 
110 	 103 	 3.14 	 	 1.57 	 	 -0.79 
NaN 	 NaN 	 0.00 	 	 0.00 	 	 0.00 
209 	 111 	 2.62 	 	 1.05 	 	 -0.79 
212 	 117 	 -2.36 	 	 1.57 	 	 -0.52 
117 	 118 	 3.14 	 	 2.09 	 	 -1.57 
290 	 118 	 2.09 	 	 -2.09 	 	 0.00 
NaN 	 NaN 	 0.00 	 	 0.00 	 	 0.00 
NaN 	 NaN 	 0.00 	 	 0.00 	 	 0.00 
 75 	 125 	 3.14 	 	 -1.57 	 	 1.05 
 71 	 130 	 -2.36 	 	 1.57 	 	 0.00 
 93 	 132 	 2.62 	 	 -2.09 	 	 0.79 
179 	 136 	 2.09 	 	 -1.05 	 	 0.79 
NaN 	 NaN 	 0.00 	 	 0.00 	 	 0.00 
NaN 	 NaN 	 0.00 	 	 0.00 	 	 0.00 
 87 	 141 	 -2.62 	 	 0.79 	 	 -0.79 
 74 	 143 	 -2.09 	 	 1.05 	 	 0.00 
169 	 148 	 -2.36 	 	 2.09 	 	 -1.05 
 79 	 154 	 3.14 	 	 -1.57 	 	 1.05 
NaN 	 NaN 	 0.00 	 	 0.00 	 	 0.00 
NaN 	 NaN 	 0.00 	 	 0.00 	 	 0.00 
134 	 160 	 2.36 	 	 -1.57 	 	 0.52 
209 	 160 	 3.14 	 	 -1.57 	 	 1.05 
204 	 165 	 -2.62 	 	 1.57 	 	 0.00 
 83 	 167 	 3.14 	 	 -2.36 	 	 1.05 
266 	 167 	 2.09 	 	 -1.57 	 	 0.00 
199 	 169 	 3.14 	 	 -1.05 	 	 0.79 
 56 	 170 	 2.62 	 	 -1.57 	 	 0.79 
245 	 171 	 -2.36 	 	 2.09 	 	 0.00 
 67 	 174 	 -2.62 	 	 1.57 	 	 -0.52 
223 	 176 	 2.62 	 	 -1.57 	 	 0.79 
 72 	 178 	 2.36 	 	 -1.57 	 	 0.52 
NaN 	 NaN 	 0.00 	 	 0.00 	 	 0.00 
233 	 183 	 -2.62 	 	 1.05 	 	 -1.05 
219 	 185 	 -2.62 	 	 1.57 	 	 -0.52 
NaN 	 NaN 	 0.00 	 	 0.00 	 	 0.00 
 53 	 189 	 2.36 	 	 -1.57 	 	 0.52 
236 	 193 	 -2.62 	 	 1.57 	 	 -0.52 
189 	 194 	 -2.36 	 	 2.09 	 	 0.00 
103 	 200 	 -2.62 	 	 1.57 	 	 0.52 
 55 	 206 	 -2.09 	 	 1.57 	 	 0.00 
 69 	 206 	 -2.62 	 	 1.05 	 	 -0.52 
157 	 206 	 -2.62 	 	 1.57 	 	 -1.05 
 75 	 211 	 2.36 	 	 -2.36 	 	 0.79 
195 	 211 	 3.14 	 	 1.57 	 	 0.00 
264 	 211 	 3.14 	 	 -1.05 	 	 0.79 
155 	 213 	 2.09 	 	 -2.09 	 	 0.52 
210 	 222 	 -2.62 	 	 2.09 	 	 0.00 
 91 	 223 	 3.14 	 	 -1.05 	 	 0.79 
268 	 223 	 -2.36 	 	 2.09 	 	 0.00 
220 	 224 	 2.62 	 	 -1.57 	 	 0.00 
255 	 225 	 -2.62 	 	 1.57 	 	 -0.79 
192 	 227 	 3.14 	 	 1.57 	 	 -0.52 
227 	 227 	 -2.36 	 	 1.57 	 	 0.00 
199 	 229 	 2.62 	 	 -2.09 	 	 0.00 
263 	 230 	 3.14 	 	 1.05 	 	 -1.05 
195 	 234 	 3.14 	 	 0.79 	 	 -0.79 
206 	 238 	 3.14 	 	 -1.57 	 	 -0.52 
 93 	 242 	 2.36 	 	 -2.62 	 	 0.00 
 73 	 246 	 -2.36 	 	 2.09 	 	 0.52 
244 	 247 	 -2.36 	 	 2.09 	 	 -0.79 
 96 	 251 	 -2.62 	 	 -1.05 	 	 0.52 
269 	 251 	 3.14 	 	 1.57 	 	 -0.79 
252 	 253 	 2.62 	 	 -2.09 	 	 0.52 
NaN 	 NaN 	 0.00 	 	 0.00 	 	 0.00 
233 	 268 	 2.36 	 	 -2.09 	 	 0.00 
254 	 268 	 3.14 	 	 2.09 	 	 0.00 
 91 	 270 	 3.14 	 	 0.79 	 	 -0.79 
110 	 274 	 3.14 	 	 -1.57 	 	 0.52 
NaN 	 NaN 	 0.00 	 	 0.00 	 	 0.00 
163 	 275 	 2.62 	 	 -2.09 	 	 -0.52 
244 	 275 	 2.36 	 	 0.79 	 	 -0.79 
160 	 282 	 2.09 	 	 -2.09 	 	 -0.52 
