------------------------------------------------------------------- 
Name: 61 
Date: 2018-04-14 
Number of Terminations: 80 
Number of Bifurcations: 72 
------------------------------------------------------------------- 
------------------------------------------------------------------- 
Terminations : 
------------------------------------------------------------------- 
X          Y     Angle 
219 	  13 	 -2.62 
 95 	  14 	 0.00 
227 	  20 	 -2.36 
167 	  21 	 1.57 
192 	  23 	 0.00 
207 	  27 	 -2.62 
166 	  29 	 1.57 
240 	  34 	 2.62 
NaN 	 NaN 	 NaN 
170 	  40 	 2.36 
183 	  43 	 0.79 
 77 	  46 	 0.52 
255 	  52 	 2.09 
NaN 	 NaN 	 NaN 
178 	  58 	 1.05 
164 	  59 	 1.05 
222 	  61 	 -0.52 
164 	  66 	 2.62 
 69 	  68 	 0.52 
264 	  69 	 1.05 
 67 	  77 	 0.52 
267 	  82 	 1.57 
194 	  87 	 0.52 
177 	  89 	 0.79 
 64 	  90 	 0.79 
166 	  99 	 2.09 
 60 	 102 	 0.52 
271 	 102 	 1.57 
165 	 111 	 2.09 
280 	 112 	 0.00 
 58 	 114 	 0.79 
171 	 118 	 1.05 
232 	 118 	 2.62 
273 	 121 	 1.57 
163 	 125 	 1.57 
 54 	 127 	 0.79 
172 	 127 	 -2.09 
168 	 132 	 0.79 
 53 	 136 	 0.79 
160 	 136 	 1.57 
229 	 136 	 -2.62 
149 	 139 	 -1.05 
235 	 142 	 -0.79 
167 	 145 	 1.05 
 51 	 147 	 1.05 
185 	 155 	 -2.36 
165 	 158 	 1.57 
166 	 164 	 1.05 
 47 	 168 	 1.05 
178 	 181 	 -2.09 
139 	 184 	 1.57 
271 	 193 	 2.62 
NaN 	 NaN 	 NaN 
138 	 201 	 2.09 
157 	 201 	 1.05 
130 	 203 	 2.09 
120 	 204 	 -2.62 
NaN 	 NaN 	 NaN 
226 	 207 	 -1.57 
NaN 	 NaN 	 NaN 
273 	 227 	 2.36 
NaN 	 NaN 	 NaN 
183 	 235 	 1.57 
132 	 242 	 -2.09 
175 	 242 	 0.52 
146 	 244 	 2.62 
184 	 251 	 0.52 
NaN 	 NaN 	 NaN 
149 	 256 	 -1.57 
182 	 258 	 0.52 
136 	 259 	 1.05 
129 	 260 	 3.14 
184 	 264 	 -2.36 
138 	 265 	 -0.79 
131 	 266 	 -2.36 
NaN 	 NaN 	 NaN 
131 	 277 	 0.79 
143 	 278 	 3.14 
149 	 279 	 -2.09 
144 	 289 	 -1.57 
------------------------------------------------------------------- 
Bifurcations : 
------------------------------------------------------------------- 
X          Y     Angle 1     Angle 2    Angle 3 
204 	  18 	 -2.62 	 	 NaN 	 	 0.00 
 92 	  33 	 3.14 	 	 NaN 	 	 0.00 
119 	  40 	 2.62 	 	 NaN 	 	 0.00 
141 	  62 	 2.62 	 	 1.57 	 	 -0.52 
142 	  74 	 2.36 	 	 -1.57 	 	 0.00 
148 	  78 	 3.14 	 	 2.09 	 	 -0.79 
NaN 	 NaN 	 0.00 	 	 0.00 	 	 0.00 
 88 	  86 	 2.62 	 	 -1.57 	 	 0.00 
237 	  86 	 -2.62 	 	 2.09 	 	 -0.52 
NaN 	 NaN 	 0.00 	 	 0.00 	 	 0.00 
119 	  91 	 2.62 	 	 2.09 	 	 -0.52 
137 	  91 	 3.14 	 	 1.57 	 	 -0.52 
 89 	  95 	 -2.62 	 	 1.57 	 	 -0.52 
190 	  95 	 2.36 	 	 -2.36 	 	 0.00 
NaN 	 NaN 	 0.00 	 	 0.00 	 	 0.00 
NaN 	 NaN 	 0.00 	 	 0.00 	 	 0.00 
NaN 	 NaN 	 0.00 	 	 0.00 	 	 0.00 
263 	 122 	 2.36 	 	 -2.36 	 	 -0.52 
NaN 	 NaN 	 0.00 	 	 0.00 	 	 0.00 
NaN 	 NaN 	 0.00 	 	 0.00 	 	 0.00 
218 	 132 	 2.36 	 	 -2.62 	 	 -0.52 
 59 	 134 	 3.14 	 	 -1.57 	 	 0.00 
192 	 134 	 3.14 	 	 1.57 	 	 0.52 
NaN 	 NaN 	 0.00 	 	 0.00 	 	 0.00 
 98 	 137 	 2.62 	 	 0.79 	 	 -0.52 
104 	 137 	 2.36 	 	 -2.62 	 	 -0.52 
217 	 144 	 -2.62 	 	 2.09 	 	 -0.79 
 94 	 147 	 3.14 	 	 -1.05 	 	 0.52 
NaN 	 NaN 	 0.00 	 	 0.00 	 	 0.00 
NaN 	 NaN 	 0.00 	 	 0.00 	 	 0.00 
254 	 150 	 2.36 	 	 -1.05 	 	 0.00 
196 	 154 	 3.14 	 	 1.57 	 	 0.52 
211 	 156 	 2.62 	 	 -1.57 	 	 0.52 
267 	 157 	 -2.62 	 	 2.09 	 	 -1.05 
261 	 161 	 2.36 	 	 -1.57 	 	 0.52 
122 	 167 	 3.14 	 	 1.57 	 	 -0.79 
265 	 167 	 2.62 	 	 -1.57 	 	 0.52 
 99 	 169 	 3.14 	 	 1.57 	 	 0.52 
NaN 	 NaN 	 0.00 	 	 0.00 	 	 0.00 
101 	 178 	 2.62 	 	 -1.57 	 	 0.52 
110 	 180 	 2.62 	 	 1.57 	 	 -0.52 
NaN 	 NaN 	 0.00 	 	 0.00 	 	 0.00 
116 	 185 	 3.14 	 	 2.09 	 	 -0.52 
218 	 186 	 -2.36 	 	 1.57 	 	 -0.79 
 63 	 193 	 -2.36 	 	 1.05 	 	 -0.79 
NaN 	 NaN 	 0.00 	 	 0.00 	 	 0.00 
NaN 	 NaN 	 0.00 	 	 0.00 	 	 0.00 
195 	 198 	 2.62 	 	 -1.05 	 	 0.79 
 71 	 200 	 2.62 	 	 -2.09 	 	 0.79 
 85 	 202 	 -2.62 	 	 1.57 	 	 -0.79 
181 	 208 	 -2.62 	 	 2.09 	 	 -0.79 
268 	 209 	 -2.09 	 	 1.57 	 	 0.00 
NaN 	 NaN 	 0.00 	 	 0.00 	 	 0.00 
118 	 218 	 -2.36 	 	 1.05 	 	 0.00 
145 	 218 	 2.09 	 	 -1.57 	 	 0.79 
245 	 218 	 -2.36 	 	 2.09 	 	 -1.05 
100 	 219 	 -2.62 	 	 1.57 	 	 -0.52 
258 	 223 	 3.14 	 	 2.09 	 	 -0.79 
151 	 228 	 2.36 	 	 -2.09 	 	 -0.52 
224 	 230 	 -2.62 	 	 -1.57 	 	 0.79 
NaN 	 NaN 	 0.00 	 	 0.00 	 	 0.00 
235 	 236 	 2.62 	 	 -2.09 	 	 0.79 
205 	 244 	 3.14 	 	 -1.05 	 	 0.79 
233 	 244 	 3.14 	 	 1.57 	 	 -0.79 
102 	 245 	 3.14 	 	 -1.05 	 	 0.79 
NaN 	 NaN 	 0.00 	 	 0.00 	 	 0.00 
NaN 	 NaN 	 0.00 	 	 0.00 	 	 0.00 
223 	 254 	 -2.62 	 	 1.57 	 	 0.00 
197 	 263 	 -2.62 	 	 1.57 	 	 0.52 
206 	 263 	 3.14 	 	 1.05 	 	 -0.79 
165 	 267 	 2.62 	 	 -2.09 	 	 1.05 
196 	 274 	 2.62 	 	 -1.05 	 	 0.52 
