------------------------------------------------------------------- 
Name: 62 
Date: 2018-04-14 
Number of Terminations: 61 
Number of Bifurcations: 106 
------------------------------------------------------------------- 
------------------------------------------------------------------- 
Terminations : 
------------------------------------------------------------------- 
X          Y     Angle 
100 	  12 	 0.52 
140 	  12 	 2.62 
 94 	  21 	 1.57 
 75 	  35 	 0.52 
258 	  45 	 2.36 
 71 	  46 	 0.52 
 68 	  57 	 0.52 
162 	  59 	 0.79 
 66 	  67 	 -0.52 
157 	  72 	 1.57 
167 	  77 	 0.79 
 60 	  79 	 0.00 
160 	  79 	 -2.62 
152 	  87 	 2.09 
251 	  87 	 1.57 
 58 	  88 	 0.00 
NaN 	 NaN 	 NaN 
 57 	  97 	 0.00 
227 	  99 	 2.62 
220 	 100 	 3.14 
235 	 100 	 1.05 
208 	 103 	 3.14 
240 	 104 	 0.00 
NaN 	 NaN 	 NaN 
 54 	 107 	 0.00 
251 	 111 	 2.09 
281 	 114 	 0.79 
 53 	 116 	 -0.52 
224 	 121 	 2.62 
240 	 125 	 3.14 
 42 	 126 	 -2.36 
 50 	 126 	 0.00 
223 	 127 	 3.14 
260 	 131 	 0.79 
149 	 132 	 2.09 
254 	 137 	 -2.09 
278 	 139 	 -0.79 
 41 	 140 	 2.36 
 44 	 147 	 0.52 
231 	 153 	 1.57 
173 	 160 	 3.14 
180 	 160 	 0.79 
NaN 	 NaN 	 NaN 
146 	 166 	 2.09 
NaN 	 NaN 	 NaN 
237 	 171 	 1.05 
150 	 172 	 0.79 
245 	 175 	 -0.52 
 42 	 178 	 0.00 
138 	 183 	 -1.57 
131 	 185 	 1.05 
140 	 189 	 2.09 
186 	 196 	 -0.52 
142 	 217 	 1.05 
158 	 218 	 0.52 
NaN 	 NaN 	 NaN 
131 	 225 	 2.09 
NaN 	 NaN 	 NaN 
243 	 234 	 2.09 
126 	 248 	 1.57 
196 	 277 	 -0.52 
------------------------------------------------------------------- 
Bifurcations : 
------------------------------------------------------------------- 
X          Y     Angle 1     Angle 2    Angle 3 
205 	  13 	 3.14 	 	 NaN 	 	 -0.52 
NaN 	 NaN 	 0.00 	 	 NaN 	 	 0.00 
147 	  33 	 2.62 	 	 NaN 	 	 -0.79 
172 	  40 	 2.62 	 	 0.52 	 	 -0.79 
NaN 	 NaN 	 0.00 	 	 0.00 	 	 0.00 
 81 	  45 	 3.14 	 	 -1.57 	 	 0.52 
 91 	  45 	 2.62 	 	 -2.09 	 	 0.00 
104 	  49 	 2.62 	 	 -1.57 	 	 0.00 
191 	  49 	 -2.36 	 	 1.57 	 	 -0.52 
167 	  53 	 2.62 	 	 -2.36 	 	 0.00 
103 	  57 	 3.14 	 	 1.57 	 	 -0.52 
123 	  57 	 2.62 	 	 1.05 	 	 -0.79 
214 	  66 	 3.14 	 	 1.57 	 	 -0.52 
251 	  66 	 2.36 	 	 -2.36 	 	 -0.79 
243 	  70 	 2.62 	 	 -1.05 	 	 0.00 
NaN 	 NaN 	 0.00 	 	 0.00 	 	 0.00 
120 	  77 	 2.36 	 	 0.79 	 	 -0.79 
NaN 	 NaN 	 0.00 	 	 0.00 	 	 0.00 
178 	 102 	 3.14 	 	 -1.57 	 	 0.52 
123 	 104 	 2.36 	 	 -2.09 	 	 0.00 
127 	 109 	 3.14 	 	 1.05 	 	 -0.79 
178 	 109 	 -2.62 	 	 1.57 	 	 0.00 
NaN 	 NaN 	 0.00 	 	 0.00 	 	 0.00 
263 	 119 	 3.14 	 	 1.05 	 	 -0.79 
NaN 	 NaN 	 0.00 	 	 0.00 	 	 0.00 
NaN 	 NaN 	 0.00 	 	 0.00 	 	 0.00 
NaN 	 NaN 	 0.00 	 	 0.00 	 	 0.00 
 52 	 136 	 3.14 	 	 -1.57 	 	 0.52 
NaN 	 NaN 	 0.00 	 	 0.00 	 	 0.00 
NaN 	 NaN 	 0.00 	 	 0.00 	 	 0.00 
107 	 137 	 2.36 	 	 -1.05 	 	 0.00 
NaN 	 NaN 	 0.00 	 	 0.00 	 	 0.00 
 73 	 141 	 2.36 	 	 -1.57 	 	 0.00 
113 	 142 	 3.14 	 	 1.57 	 	 -0.52 
NaN 	 NaN 	 0.00 	 	 0.00 	 	 0.00 
186 	 147 	 3.14 	 	 -1.57 	 	 0.52 
230 	 147 	 3.14 	 	 1.05 	 	 -1.05 
NaN 	 NaN 	 0.00 	 	 0.00 	 	 0.00 
266 	 151 	 -2.36 	 	 1.57 	 	 -1.05 
 80 	 152 	 3.14 	 	 -1.57 	 	 -0.52 
103 	 153 	 2.62 	 	 1.57 	 	 -0.79 
186 	 153 	 -2.36 	 	 1.57 	 	 0.00 
NaN 	 NaN 	 0.00 	 	 0.00 	 	 0.00 
NaN 	 NaN 	 0.00 	 	 0.00 	 	 0.00 
 90 	 157 	 2.62 	 	 -2.36 	 	 0.00 
218 	 158 	 2.62 	 	 0.52 	 	 -0.79 
124 	 162 	 3.14 	 	 1.57 	 	 -0.79 
165 	 162 	 3.14 	 	 1.57 	 	 0.52 
104 	 165 	 2.62 	 	 -2.36 	 	 -0.52 
118 	 167 	 2.36 	 	 -1.05 	 	 0.00 
 68 	 168 	 3.14 	 	 1.57 	 	 -0.52 
181 	 168 	 3.14 	 	 0.52 	 	 -0.79 
189 	 168 	 2.36 	 	 -2.36 	 	 0.00 
170 	 170 	 2.62 	 	 -2.09 	 	 0.00 
123 	 171 	 3.14 	 	 1.57 	 	 -0.79 
 99 	 172 	 2.62 	 	 1.05 	 	 -0.52 
265 	 172 	 3.14 	 	 1.05 	 	 -1.05 
NaN 	 NaN 	 0.00 	 	 0.00 	 	 0.00 
122 	 180 	 2.62 	 	 1.57 	 	 -1.57 
193 	 180 	 -2.62 	 	 2.09 	 	 0.00 
265 	 190 	 2.36 	 	 0.79 	 	 -0.79 
155 	 193 	 3.14 	 	 -2.09 	 	 0.52 
NaN 	 NaN 	 0.00 	 	 0.00 	 	 0.00 
214 	 197 	 2.62 	 	 -1.57 	 	 0.52 
 56 	 198 	 2.62 	 	 -1.57 	 	 0.52 
220 	 200 	 -2.62 	 	 2.09 	 	 -0.52 
 57 	 206 	 -2.62 	 	 1.57 	 	 0.00 
104 	 206 	 2.62 	 	 1.57 	 	 -1.05 
 51 	 208 	 3.14 	 	 -1.57 	 	 0.52 
 69 	 209 	 2.62 	 	 -1.57 	 	 0.52 
 75 	 209 	 3.14 	 	 -1.57 	 	 0.00 
253 	 212 	 2.36 	 	 -1.57 	 	 0.52 
192 	 216 	 2.62 	 	 -1.57 	 	 0.00 
 68 	 217 	 3.14 	 	 1.57 	 	 -0.79 
 57 	 218 	 3.14 	 	 -1.57 	 	 0.52 
NaN 	 NaN 	 0.00 	 	 0.00 	 	 0.00 
191 	 222 	 3.14 	 	 1.05 	 	 -0.52 
199 	 223 	 -2.62 	 	 1.57 	 	 -0.52 
NaN 	 NaN 	 0.00 	 	 0.00 	 	 0.00 
154 	 225 	 -2.62 	 	 1.57 	 	 0.00 
180 	 228 	 2.62 	 	 2.09 	 	 -0.52 
107 	 232 	 -2.62 	 	 2.09 	 	 -0.79 
100 	 236 	 2.36 	 	 0.79 	 	 -0.79 
264 	 239 	 3.14 	 	 1.57 	 	 -1.05 
164 	 243 	 3.14 	 	 -1.05 	 	 0.00 
 66 	 247 	 3.14 	 	 -1.57 	 	 0.00 
NaN 	 NaN 	 0.00 	 	 0.00 	 	 0.00 
NaN 	 NaN 	 0.00 	 	 0.00 	 	 0.00 
159 	 252 	 3.14 	 	 0.79 	 	 -0.79 
 54 	 257 	 2.09 	 	 -2.09 	 	 0.00 
 99 	 258 	 2.62 	 	 -1.57 	 	 0.52 
209 	 258 	 2.62 	 	 -1.57 	 	 0.52 
224 	 259 	 2.36 	 	 -2.36 	 	 -0.52 
 78 	 261 	 2.62 	 	 -2.09 	 	 -0.52 
NaN 	 NaN 	 0.00 	 	 0.00 	 	 0.00 
 98 	 269 	 2.36 	 	 -1.57 	 	 0.00 
104 	 269 	 3.14 	 	 1.57 	 	 -0.79 
120 	 270 	 2.62 	 	 -1.57 	 	 1.05 
131 	 274 	 2.09 	 	 -2.09 	 	 0.52 
228 	 275 	 -2.36 	 	 2.09 	 	 -0.52 
100 	 277 	 -2.62 	 	 1.57 	 	 -0.79 
NaN 	 NaN 	 0.00 	 	 0.00 	 	 0.00 
NaN 	 NaN 	 0.00 	 	 0.00 	 	 0.00 
235 	 283 	 3.14 	 	 2.09 	 	 -0.52 
139 	 287 	 3.14 	 	 -1.57 	 	 0.79 
133 	 290 	 2.36 	 	 -2.36 	 	 0.52 
