------------------------------------------------------------------- 
Name: 64 
Date: 2018-04-14 
Number of Terminations: 69 
Number of Bifurcations: 119 
------------------------------------------------------------------- 
------------------------------------------------------------------- 
Terminations : 
------------------------------------------------------------------- 
X          Y     Angle 
233 	  14 	 3.14 
 91 	  17 	 0.00 
 85 	  27 	 0.52 
245 	  27 	 2.09 
 79 	  38 	 0.52 
254 	  40 	 2.09 
NaN 	 NaN 	 NaN 
182 	  49 	 1.05 
 72 	  50 	 0.52 
280 	  50 	 -1.57 
181 	  58 	 0.79 
263 	  58 	 1.57 
 69 	  63 	 0.79 
170 	  66 	 2.36 
176 	  67 	 1.57 
121 	  69 	 3.14 
176 	  73 	 0.79 
 65 	  76 	 0.79 
169 	  79 	 2.09 
 62 	  89 	 1.05 
183 	  89 	 0.52 
167 	  93 	 1.57 
178 	  93 	 -2.36 
173 	 101 	 1.05 
NaN 	 NaN 	 NaN 
165 	 105 	 1.57 
237 	 106 	 -2.62 
242 	 112 	 -0.79 
279 	 116 	 0.00 
 54 	 126 	 1.05 
141 	 137 	 1.57 
NaN 	 NaN 	 NaN 
145 	 143 	 -1.57 
185 	 150 	 -2.09 
147 	 152 	 1.57 
154 	 154 	 2.09 
146 	 170 	 1.57 
165 	 171 	 1.05 
199 	 173 	 0.79 
172 	 174 	 -2.09 
236 	 175 	 -1.57 
NaN 	 NaN 	 NaN 
175 	 180 	 1.57 
NaN 	 NaN 	 NaN 
180 	 184 	 1.05 
NaN 	 NaN 	 NaN 
180 	 202 	 -2.09 
194 	 202 	 1.57 
164 	 208 	 2.36 
NaN 	 NaN 	 NaN 
143 	 212 	 -2.09 
196 	 218 	 0.00 
 47 	 225 	 1.05 
194 	 227 	 0.79 
NaN 	 NaN 	 NaN 
201 	 234 	 0.00 
150 	 236 	 0.00 
142 	 238 	 2.62 
 45 	 243 	 -2.62 
145 	 245 	 0.52 
 47 	 249 	 -0.52 
195 	 250 	 0.00 
 48 	 255 	 -0.79 
171 	 255 	 -2.09 
158 	 260 	 -2.09 
147 	 274 	 0.00 
160 	 275 	 2.36 
137 	 279 	 3.14 
165 	 285 	 2.62 
------------------------------------------------------------------- 
Bifurcations : 
------------------------------------------------------------------- 
X          Y     Angle 1     Angle 2    Angle 3 
137 	  15 	 3.14 	 	 NaN 	 	 -0.52 
117 	  19 	 -2.62 	 	 NaN 	 	 -0.52 
NaN 	 NaN 	 0.00 	 	 0.00 	 	 0.00 
231 	  25 	 3.14 	 	 -1.57 	 	 0.52 
 96 	  26 	 3.14 	 	 -1.57 	 	 0.00 
231 	  31 	 -2.62 	 	 1.57 	 	 0.00 
 96 	  33 	 -2.62 	 	 1.57 	 	 -0.52 
104 	  34 	 3.14 	 	 1.57 	 	 -0.52 
NaN 	 NaN 	 0.00 	 	 0.00 	 	 0.00 
226 	  38 	 3.14 	 	 1.57 	 	 -0.52 
123 	  40 	 2.36 	 	 -2.09 	 	 0.52 
118 	  53 	 -2.62 	 	 1.05 	 	 -0.52 
150 	  54 	 2.62 	 	 1.57 	 	 -0.79 
 88 	  55 	 3.14 	 	 -1.57 	 	 0.00 
243 	  56 	 -2.62 	 	 2.09 	 	 -0.52 
202 	  61 	 -2.62 	 	 1.57 	 	 0.00 
194 	  64 	 -2.36 	 	 2.09 	 	 0.00 
NaN 	 NaN 	 0.00 	 	 0.00 	 	 0.00 
148 	  71 	 2.62 	 	 1.57 	 	 -0.79 
 92 	  74 	 -2.62 	 	 -1.05 	 	 0.52 
 86 	  75 	 -2.62 	 	 1.57 	 	 0.00 
133 	  80 	 3.14 	 	 1.57 	 	 -0.52 
 72 	  81 	 3.14 	 	 -1.57 	 	 0.52 
239 	  82 	 2.62 	 	 -2.09 	 	 -0.52 
 94 	  83 	 -2.62 	 	 1.57 	 	 0.52 
262 	  84 	 2.36 	 	 -2.36 	 	 -0.52 
229 	  86 	 2.36 	 	 -1.57 	 	 0.00 
227 	  92 	 3.14 	 	 1.57 	 	 0.00 
254 	  92 	 2.62 	 	 -1.05 	 	 0.79 
 89 	  93 	 -2.62 	 	 -1.57 	 	 0.00 
 79 	  96 	 -2.36 	 	 1.57 	 	 0.00 
NaN 	 NaN 	 0.00 	 	 0.00 	 	 0.00 
 99 	  99 	 -2.62 	 	 1.57 	 	 0.00 
 92 	 101 	 -2.62 	 	 2.09 	 	 0.00 
194 	 101 	 3.14 	 	 -2.36 	 	 0.52 
268 	 104 	 3.14 	 	 1.05 	 	 -1.05 
185 	 106 	 -2.62 	 	 -1.57 	 	 0.52 
288 	 107 	 2.09 	 	 -2.09 	 	 0.00 
NaN 	 NaN 	 0.00 	 	 0.00 	 	 0.00 
121 	 110 	 -2.62 	 	 2.09 	 	 -0.79 
221 	 112 	 2.62 	 	 1.57 	 	 -0.52 
186 	 116 	 -2.62 	 	 1.57 	 	 0.00 
NaN 	 NaN 	 0.00 	 	 0.00 	 	 0.00 
NaN 	 NaN 	 0.00 	 	 0.00 	 	 0.00 
266 	 119 	 3.14 	 	 -1.05 	 	 0.79 
100 	 120 	 2.62 	 	 -2.09 	 	 0.52 
197 	 121 	 2.62 	 	 -2.09 	 	 0.00 
 94 	 122 	 -2.62 	 	 1.05 	 	 -0.52 
190 	 124 	 -2.62 	 	 1.05 	 	 0.00 
218 	 124 	 2.62 	 	 -1.57 	 	 0.52 
129 	 128 	 3.14 	 	 1.05 	 	 -0.79 
NaN 	 NaN 	 0.00 	 	 0.00 	 	 0.00 
110 	 129 	 2.62 	 	 -2.36 	 	 0.00 
224 	 129 	 3.14 	 	 1.57 	 	 -0.52 
 82 	 132 	 3.14 	 	 -1.57 	 	 0.79 
200 	 133 	 2.36 	 	 -2.36 	 	 -0.52 
NaN 	 NaN 	 0.00 	 	 0.00 	 	 0.00 
230 	 134 	 2.36 	 	 -1.57 	 	 0.52 
207 	 135 	 2.62 	 	 -1.57 	 	 0.52 
NaN 	 NaN 	 0.00 	 	 0.00 	 	 0.00 
110 	 138 	 3.14 	 	 -1.57 	 	 0.00 
186 	 138 	 -2.36 	 	 1.57 	 	 0.00 
NaN 	 NaN 	 0.00 	 	 0.00 	 	 0.00 
220 	 142 	 3.14 	 	 1.57 	 	 -1.05 
267 	 142 	 2.62 	 	 -1.57 	 	 0.79 
NaN 	 NaN 	 0.00 	 	 0.00 	 	 0.00 
235 	 145 	 -2.62 	 	 2.09 	 	 -0.79 
NaN 	 NaN 	 0.00 	 	 0.00 	 	 0.00 
 94 	 148 	 -2.62 	 	 -1.05 	 	 0.79 
NaN 	 NaN 	 0.00 	 	 0.00 	 	 0.00 
 69 	 149 	 2.09 	 	 -2.09 	 	 0.00 
226 	 149 	 2.36 	 	 -1.57 	 	 0.00 
NaN 	 NaN 	 0.00 	 	 0.00 	 	 0.00 
 56 	 155 	 -2.36 	 	 1.05 	 	 -0.52 
102 	 155 	 -2.36 	 	 2.09 	 	 0.00 
 62 	 157 	 3.14 	 	 -1.57 	 	 0.79 
112 	 157 	 2.36 	 	 -1.57 	 	 0.79 
215 	 161 	 2.62 	 	 -1.57 	 	 1.05 
NaN 	 NaN 	 0.00 	 	 0.00 	 	 0.00 
 95 	 167 	 -2.62 	 	 1.57 	 	 0.00 
 50 	 168 	 -2.36 	 	 1.57 	 	 -0.52 
206 	 179 	 -2.36 	 	 1.05 	 	 -1.05 
 46 	 180 	 -2.36 	 	 1.57 	 	 -0.52 
110 	 183 	 -2.62 	 	 1.57 	 	 -0.52 
128 	 185 	 -2.62 	 	 1.57 	 	 0.00 
203 	 185 	 -2.36 	 	 1.57 	 	 0.00 
 43 	 186 	 3.14 	 	 1.05 	 	 -0.52 
155 	 188 	 2.09 	 	 -1.57 	 	 0.79 
NaN 	 NaN 	 0.00 	 	 0.00 	 	 0.00 
 75 	 191 	 2.62 	 	 -1.57 	 	 0.52 
NaN 	 NaN 	 0.00 	 	 0.00 	 	 0.00 
 87 	 195 	 -2.36 	 	 1.05 	 	 -0.52 
NaN 	 NaN 	 0.00 	 	 0.00 	 	 0.00 
240 	 196 	 3.14 	 	 1.57 	 	 -0.79 
218 	 212 	 -2.62 	 	 0.79 	 	 -0.79 
245 	 214 	 3.14 	 	 1.57 	 	 -0.79 
131 	 221 	 -2.62 	 	 -2.09 	 	 -0.52 
114 	 222 	 -2.62 	 	 0.79 	 	 -0.79 
 95 	 223 	 -2.62 	 	 1.57 	 	 0.00 
109 	 226 	 -2.62 	 	 1.05 	 	 -0.79 
101 	 231 	 -2.62 	 	 0.52 	 	 -0.79 
210 	 231 	 -2.36 	 	 1.57 	 	 0.00 
177 	 236 	 2.62 	 	 -1.05 	 	 0.79 
243 	 239 	 -2.62 	 	 1.57 	 	 -0.79 
166 	 241 	 2.36 	 	 -2.09 	 	 -0.52 
209 	 243 	 2.62 	 	 -1.05 	 	 0.52 
233 	 243 	 2.36 	 	 -2.09 	 	 0.52 
NaN 	 NaN 	 0.00 	 	 0.00 	 	 0.00 
 89 	 252 	 3.14 	 	 -1.57 	 	 0.79 
NaN 	 NaN 	 0.00 	 	 0.00 	 	 0.00 
 47 	 266 	 2.62 	 	 -1.57 	 	 0.52 
170 	 268 	 2.36 	 	 -1.57 	 	 0.52 
 86 	 269 	 -2.36 	 	 1.57 	 	 0.00 
207 	 269 	 3.14 	 	 1.57 	 	 -0.52 
185 	 272 	 -2.36 	 	 1.57 	 	 -0.52 
171 	 275 	 -2.36 	 	 1.57 	 	 -0.79 
 98 	 278 	 3.14 	 	 0.79 	 	 -0.79 
225 	 279 	 2.62 	 	 -1.57 	 	 0.00 
172 	 281 	 3.14 	 	 1.05 	 	 -0.79 
