------------------------------------------------------------------- 
Name: 66 
Date: 2018-04-14 
Number of Terminations: 65 
Number of Bifurcations: 67 
------------------------------------------------------------------- 
------------------------------------------------------------------- 
Terminations : 
------------------------------------------------------------------- 
X          Y     Angle 
237 	  20 	 163.00 
 23 	 148 	 41.00 
 67 	  43 	 262.00 
 43 	  62 	 61.00 
174 	  66 	 162.00 
 72 	  62 	 75.00 
192 	  84 	 108.00 
 87 	 272 	 94.00 
212 	  95 	 206.00 
102 	 217 	 102.00 
109 	 103 	 55.00 
105 	 206 	 112.00 
100 	 113 	 112.00 
119 	 168 	 131.00 
 50 	 134 	 111.00 
145 	 227 	 147.00 
246 	 148 	 110.00 
151 	 132 	 151.00 
231 	 152 	 161.00 
154 	 132 	 158.00 
 46 	 163 	 130.00 
164 	 188 	 165.00 
205 	 167 	 148.00 
168 	 182 	 168.00 
237 	 168 	 73.00 
169 	 228 	 170.00 
129 	 172 	 170.00 
174 	 189 	 174.00 
 72 	 175 	 163.00 
175 	 180 	 175.00 
154 	 177 	 220.00 
177 	 208 	 178.00 
228 	 179 	 241.00 
186 	  44 	 190.00 
172 	 197 	 104.00 
198 	 166 	 199.00 
189 	 202 	 64.00 
203 	 108 	 205.00 
 44 	 206 	 51.00 
207 	 186 	 208.00 
 64 	 212 	 54.00 
213 	 195 	 214.00 
202 	 227 	 191.00 
252 	 ------------------------------------------------------------------- 
Bifurcations : 
------------------------------------------------------------------- 
X          Y     Angle 1     Angle 2    Angle 3 
112 	  17 	 205.00 	 	 27.00 	 	 231.00 
 35 	  82 	 39.00 	 	 244.00 	 	 40.00 
238 	  44 	 75.00 	 	 46.00 	 	 81.00 
 49 	  70 	 51.00 	 	 117.00 	 	 51.00 
 75 	  56 	 252.00 	 	 59.00 	 	 115.00 
 64 	 116 	 75.00 	 	 110.00 	 	 78.00 
254 	  86 	 208.00 	 	 90.00 	 	 104.00 
 96 	 117 	 96.00 	 	 261.00 	 	 97.00 
100 	 101 	 67.00 	 	 102.00 	 	 74.00 
106 	 119 	 108.00 	 	 125.00 	 	 109.00 
170 	 117 	 263.00 	 	 122.00 	 	 130.00 
123 	 113 	 129.00 	 	 265.00 	 	 133.00 
110 	 136 	 188.00 	 	 147.00 	 	 188.00 
153 	 152 	 154.00 	 	 213.00 	 	 164.00 
266 	 168 	 141.00 	 	 170.00 	 	 140.00 
183 	 150 	 183.00 	 	 264.00 	 	 195.00 
155 	 200 	 130.00 	 	 207.00 	 	 177.00 
211 	 219 	 213.00 	 	 48.00 	 	 216.00 
175 	 217 	 220.00 	 	 220.00 	 	 170.00 
226 	  52 	 227.00 	 	 166.00 	 	 234.00 
213 	 235 	 53.00 	 	 239.00 	 	 69.00 
239 	 202 	 244.00 	 	 41.00 	 	 248.00 
167 	 253 	 238.00 	 	 254.00 	 	 256.00 
256 	 163 	 259.00 	 	 93.00 	 	 266.00 
111 	 266 	 158.00 	 	 267.00 	 	 182.00 
268 	 131 	 269.00 	 	 165.00 	 	 271.00 
155 	 275 	 160.00 	 	 279.00 	 	 