------------------------------------------------------------------- 
Name: 69 
Date: 2018-04-14 
Number of Terminations: 74 
Number of Bifurcations: 85 
------------------------------------------------------------------- 
------------------------------------------------------------------- 
Terminations : 
------------------------------------------------------------------- 
X          Y     Angle 
NaN 	 NaN 	 NaN 
NaN 	 NaN 	 NaN 
197 	  29 	 2.09 
244 	  30 	 -1.05 
184 	  34 	 2.09 
 70 	  35 	 1.05 
190 	  39 	 -0.52 
256 	  53 	 2.09 
237 	  58 	 2.09 
242 	  64 	 -1.05 
229 	  66 	 2.62 
229 	  73 	 -1.05 
118 	  77 	 1.05 
263 	  79 	 2.09 
132 	  80 	 -2.36 
128 	  85 	 1.05 
 56 	  92 	 1.05 
190 	  92 	 -1.57 
266 	 102 	 2.09 
182 	 115 	 1.57 
 52 	 116 	 1.05 
279 	 119 	 -0.79 
217 	 121 	 -0.79 
265 	 122 	 1.57 
175 	 127 	 -1.57 
 38 	 128 	 -2.09 
203 	 129 	 2.09 
193 	 130 	 2.36 
221 	 132 	 1.57 
210 	 133 	 -1.05 
184 	 134 	 -2.09 
239 	 134 	 1.57 
252 	 134 	 1.57 
262 	 134 	 2.09 
 72 	 136 	 1.05 
192 	 136 	 -1.57 
 57 	 138 	 0.52 
221 	 139 	 -1.05 
 49 	 140 	 1.05 
277 	 140 	 0.00 
NaN 	 NaN 	 NaN 
 72 	 142 	 -2.36 
252 	 142 	 -0.52 
 34 	 150 	 2.36 
 56 	 150 	 -2.36 
157 	 161 	 -2.09 
116 	 162 	 0.79 
204 	 163 	 2.09 
NaN 	 NaN 	 NaN 
 84 	 169 	 0.79 
115 	 169 	 -2.09 
 64 	 170 	 0.00 
208 	 171 	 -1.57 
 73 	 172 	 0.52 
 86 	 176 	 -2.36 
265 	 176 	 1.57 
 62 	 180 	 -2.09 
 45 	 184 	 1.05 
225 	 186 	 -1.57 
241 	 192 	 2.36 
 43 	 204 	 1.05 
274 	 204 	 0.00 
270 	 209 	 0.00 
214 	 213 	 0.52 
 47 	 220 	 1.57 
226 	 221 	 -1.05 
 46 	 232 	 1.05 
 94 	 244 	 1.05 
 48 	 245 	 1.05 
186 	 249 	 0.79 
173 	 266 	 0.52 
NaN 	 NaN 	 NaN 
199 	 286 	 1.05 
165 	 288 	 -2.09 
------------------------------------------------------------------- 
Bifurcations : 
------------------------------------------------------------------- 
X          Y     Angle 1     Angle 2    Angle 3 
127 	  17 	 -2.36 	 	 NaN 	 	 0.52 
116 	  25 	 2.36 	 	 NaN 	 	 0.52 
111 	  31 	 2.36 	 	 NaN 	 	 0.79 
 84 	  32 	 2.09 	 	 -2.09 	 	 0.52 
 96 	  32 	 2.36 	 	 -1.57 	 	 0.52 
139 	  36 	 3.14 	 	 1.57 	 	 0.52 
118 	  38 	 3.14 	 	 1.05 	 	 -0.79 
163 	  41 	 2.36 	 	 -1.05 	 	 0.52 
NaN 	 NaN 	 0.00 	 	 0.00 	 	 0.00 
NaN 	 NaN 	 0.00 	 	 0.00 	 	 0.00 
140 	  57 	 3.14 	 	 1.05 	 	 0.00 
183 	  57 	 2.62 	 	 -2.09 	 	 1.57 
150 	  61 	 3.14 	 	 1.05 	 	 -0.79 
174 	  63 	 2.36 	 	 -2.36 	 	 -0.52 
220 	  63 	 2.36 	 	 -1.57 	 	 0.00 
 86 	  65 	 -2.62 	 	 1.05 	 	 -1.05 
138 	  69 	 -2.62 	 	 0.79 	 	 -0.79 
 83 	  71 	 2.09 	 	 -2.09 	 	 0.00 
280 	  75 	 2.62 	 	 2.09 	 	 0.00 
NaN 	 NaN 	 0.00 	 	 0.00 	 	 0.00 
146 	  82 	 3.14 	 	 -1.57 	 	 0.52 
NaN 	 NaN 	 0.00 	 	 0.00 	 	 0.00 
NaN 	 NaN 	 0.00 	 	 0.00 	 	 0.00 
129 	  98 	 -2.62 	 	 2.09 	 	 0.00 
NaN 	 NaN 	 0.00 	 	 0.00 	 	 0.00 
198 	 105 	 3.14 	 	 1.57 	 	 -1.05 
210 	 109 	 -2.36 	 	 2.09 	 	 -1.05 
NaN 	 NaN 	 0.00 	 	 0.00 	 	 0.00 
NaN 	 NaN 	 0.00 	 	 0.00 	 	 0.00 
NaN 	 NaN 	 0.00 	 	 0.00 	 	 0.00 
202 	 142 	 2.09 	 	 -1.57 	 	 0.79 
NaN 	 NaN 	 0.00 	 	 0.00 	 	 0.00 
112 	 155 	 3.14 	 	 -2.36 	 	 1.05 
NaN 	 NaN 	 0.00 	 	 0.00 	 	 0.00 
212 	 157 	 -2.36 	 	 1.57 	 	 -1.05 
175 	 167 	 -2.36 	 	 2.09 	 	 0.79 
148 	 173 	 2.09 	 	 -2.09 	 	 0.00 
241 	 173 	 2.09 	 	 -2.09 	 	 -0.52 
196 	 178 	 -2.62 	 	 1.05 	 	 -1.05 
244 	 182 	 2.62 	 	 1.05 	 	 -0.79 
116 	 185 	 -2.62 	 	 -1.05 	 	 0.79 
218 	 185 	 -2.36 	 	 2.09 	 	 0.79 
166 	 187 	 2.09 	 	 -2.09 	 	 0.79 
235 	 189 	 2.09 	 	 -2.09 	 	 0.52 
NaN 	 NaN 	 0.00 	 	 0.00 	 	 0.00 
149 	 194 	 -2.36 	 	 0.79 	 	 -0.79 
136 	 195 	 -2.36 	 	 -1.05 	 	 0.79 
188 	 196 	 2.09 	 	 -2.09 	 	 0.52 
134 	 201 	 2.09 	 	 -2.09 	 	 0.52 
147 	 201 	 -2.36 	 	 2.09 	 	 0.52 
171 	 201 	 -2.62 	 	 1.05 	 	 -1.05 
158 	 202 	 3.14 	 	 1.05 	 	 -1.05 
119 	 203 	 3.14 	 	 -1.05 	 	 0.79 
197 	 205 	 2.36 	 	 -2.36 	 	 0.52 
155 	 208 	 2.09 	 	 -2.09 	 	 0.00 
169 	 208 	 2.36 	 	 -2.09 	 	 0.79 
116 	 211 	 2.36 	 	 -2.36 	 	 0.79 
NaN 	 NaN 	 0.00 	 	 0.00 	 	 0.00 
161 	 219 	 3.14 	 	 1.05 	 	 -1.05 
NaN 	 NaN 	 0.00 	 	 0.00 	 	 0.00 
157 	 224 	 2.09 	 	 -2.09 	 	 0.00 
NaN 	 NaN 	 0.00 	 	 0.00 	 	 0.00 
NaN 	 NaN 	 0.00 	 	 0.00 	 	 0.00 
260 	 230 	 2.36 	 	 -1.57 	 	 0.79 
233 	 233 	 -2.36 	 	 1.57 	 	 -0.52 
257 	 237 	 3.14 	 	 0.79 	 	 -0.79 
NaN 	 NaN 	 0.00 	 	 0.00 	 	 0.00 
 60 	 246 	 -2.62 	 	 1.05 	 	 -0.79 
NaN 	 NaN 	 0.00 	 	 0.00 	 	 0.00 
 65 	 253 	 -2.36 	 	 2.09 	 	 0.52 
256 	 255 	 3.14 	 	 1.05 	 	 -0.79 
101 	 261 	 -2.62 	 	 -1.57 	 	 0.79 
163 	 265 	 3.14 	 	 -1.57 	 	 1.05 
 63 	 267 	 2.36 	 	 -2.09 	 	 0.52 
NaN 	 NaN 	 0.00 	 	 0.00 	 	 0.00 
 74 	 272 	 3.14 	 	 1.57 	 	 -0.79 
 86 	 273 	 -2.62 	 	 -1.05 	 	 0.79 
 63 	 274 	 -2.36 	 	 2.09 	 	 0.00 
NaN 	 NaN 	 0.00 	 	 0.00 	 	 0.00 
147 	 276 	 -2.62 	 	 0.79 	 	 -0.79 
243 	 277 	 2.09 	 	 -2.09 	 	 0.52 
 79 	 278 	 2.09 	 	 -2.09 	 	 0.52 
 92 	 282 	 -2.36 	 	 2.09 	 	 0.52 
178 	 282 	 3.14 	 	 2.09 	 	 0.00 
154 	 285 	 2.36 	 	 -2.09 	 	 0.52 
