------------------------------------------------------------------- 
Name: 6 
Date: 2018-04-13 
Number of Terminations: 56 
Number of Bifurcations: 69 
------------------------------------------------------------------- 
------------------------------------------------------------------- 
Terminations : 
------------------------------------------------------------------- 
X          Y     Angle 
 90 	  11 	 125.00 
 14 	 247 	 18.00 
127 	  20 	 161.00 
 20 	 154 	 21.00 
120 	  23 	 114.00 
 25 	 102 	 33.00 
253 	  36 	 151.00 
 40 	 142 	 42.00 
182 	  45 	 173.00 
 46 	 254 	 49.00 
262 	  49 	 74.00 
 51 	 263 	 63.00 
 70 	  64 	 266.00 
 69 	 165 	 71.00 
266 	  85 	 185.00 
 86 	 191 	 86.00 
256 	  90 	 62.00 
 94 	 238 	 101.00 
 57 	 109 	 236.00 
110 	 259 	 113.00 
242 	 115 	 54.00 
126 	 133 	 127.00 
 53 	 138 	 211.00 
142 	 240 	 145.00 
 84 	 146 	 182.00 
146 	 193 	 147.00 
 40 	 148 	 51.00 
150 	  56 	 154.00 
199 	 155 	 212.00 
155 	  47 	 167.00 
251 	 168 	 185.00 
175 	  46 	 180.00 
258 	 180 	 131.00 
183 	 249 	 184.00 
170 	 190 	 262.00 
190 	  45 	 205.00 
 49 	 215 	 203.00 
249 	 ------------------------------------------------------------------- 
Bifurcations : 
------------------------------------------------------------------- 
X          Y     Angle 1     Angle 2    Angle 3 
165 	  11 	 205.00 	 	 22.00 	 	 90.00 
 29 	  92 	 35.00 	 	 235.00 	 	 35.00 
 86 	  40 	 222.00 	 	 50.00 	 	 235.00 
 61 	 219 	 63.00 	 	 190.00 	 	 67.00 
247 	  70 	 215.00 	 	 73.00 	 	 242.00 
 76 	 237 	 90.00 	 	 267.00 	 	 91.00 
225 	  92 	 210.00 	 	 96.00 	 	 173.00 
 98 	 277 	 98.00 	 	 182.00 	 	 123.00 
144 	 125 	 148.00 	 	 131.00 	 	 136.00 
150 	 259 	 152.00 	 	 259.00 	 	 160.00 
147 	 166 	 170.00 	 	 167.00 	 	 164.00 
173 	 169 	 177.00 	 	 85.00 	 	 189.00 
185 	 193 	 67.00 	 	 195.00 	 	 73.00 
200 	 267 	 207.00 	 	 144.00 	 	 208.00 
172 	 211 	 58.00 	 	 218.00 	 	 178.00 
222 	 252 	 222.00 	 	 201.00 	 	 225.00 
166 	 229 	 111.00 	 	 231.00 	 	 74.00 
232 	 130 	 233.00 	 	 186.00 	 	 240.00 
159 	 242 	 62.00 	 	 243.00 	 	 133.00 
243 	 223 	 244.00 	 	 91.00 	 	 245.00 
 74 	 246 	 153.00 	 	 247.00 	 	 159.00 
248 	 133 	 249.00 	 	 244.00 	 	 249.00 
 67 	 250 	 118.00 	 	 250.00 	 	 216.00 
250 	 237 	 253.00 	 	 47.00 	 	 254.00 
 99 	 254 	 88.00 	 	 256.00 	 	 150.00 
260 	  88 	 263.00 	 	 238.00 	 	 264.00 
 76 	 266 	 220.00 	 	 268.00 	 	 159.00 
272 	 111 	 274.00 	 	 