------------------------------------------------------------------- 
Name: 73 
Date: 2018-04-19 
Number of Terminations: 83 
Number of Bifurcations: 74 
------------------------------------------------------------------- 
------------------------------------------------------------------- 
Terminations : 
------------------------------------------------------------------- 
X          Y     Angle 
NaN 	 NaN 	 NaN 
147 	  16 	 0.52 
140 	  17 	 -2.62 
181 	  17 	 0.00 
224 	  21 	 3.14 
250 	  21 	 0.00 
195 	  26 	 3.14 
202 	  27 	 0.00 
180 	  33 	 3.14 
190 	  34 	 -0.52 
233 	  40 	 2.62 
NaN 	 NaN 	 NaN 
209 	  45 	 0.00 
NaN 	 NaN 	 NaN 
NaN 	 NaN 	 NaN 
235 	  49 	 3.14 
203 	  53 	 3.14 
209 	  54 	 0.00 
231 	  56 	 -1.05 
225 	  57 	 2.62 
138 	  64 	 -2.09 
261 	  64 	 0.00 
223 	  66 	 2.36 
199 	  68 	 3.14 
229 	  68 	 0.52 
254 	  69 	 -1.57 
 49 	  88 	 -1.57 
169 	  89 	 3.14 
175 	  89 	 0.00 
214 	  90 	 2.62 
266 	  90 	 -0.52 
201 	  94 	 -0.79 
 47 	  96 	 1.57 
175 	  98 	 3.14 
181 	  98 	 0.00 
NaN 	 NaN 	 NaN 
 93 	 105 	 -2.09 
 82 	 108 	 -2.09 
195 	 109 	 -2.62 
266 	 111 	 3.14 
221 	 113 	 3.14 
232 	 119 	 -2.09 
 42 	 120 	 1.57 
190 	 126 	 -1.57 
NaN 	 NaN 	 NaN 
195 	 130 	 -0.52 
239 	 137 	 -1.57 
218 	 147 	 -1.57 
239 	 150 	 -1.05 
233 	 151 	 1.57 
229 	 156 	 2.36 
172 	 163 	 0.52 
232 	 166 	 -1.05 
 90 	 173 	 -1.57 
 47 	 178 	 1.05 
212 	 178 	 2.09 
165 	 182 	 1.57 
 88 	 183 	 -1.57 
NaN 	 NaN 	 NaN 
 54 	 184 	 -2.09 
NaN 	 NaN 	 NaN 
 46 	 186 	 -2.09 
226 	 196 	 2.36 
NaN 	 NaN 	 NaN 
186 	 201 	 -1.05 
245 	 202 	 -1.05 
 83 	 207 	 -1.57 
 67 	 212 	 1.57 
 57 	 217 	 1.05 
NaN 	 NaN 	 NaN 
 50 	 218 	 1.57 
NaN 	 NaN 	 NaN 
202 	 221 	 2.09 
 68 	 222 	 -1.57 
 59 	 224 	 -1.57 
NaN 	 NaN 	 NaN 
NaN 	 NaN 	 NaN 
237 	 226 	 0.00 
227 	 229 	 -0.79 
177 	 234 	 2.36 
121 	 235 	 2.62 
126 	 239 	 -0.79 
182 	 246 	 2.36 
------------------------------------------------------------------- 
Bifurcations : 
------------------------------------------------------------------- 
X          Y     Angle 1     Angle 2    Angle 3 
NaN 	 NaN 	 NaN 	 	 NaN 	 	 0.00 
NaN 	 NaN 	 0.00 	 	 NaN 	 	 0.00 
120 	  35 	 3.14 	 	 NaN 	 	 0.52 
NaN 	 NaN 	 0.00 	 	 0.00 	 	 0.00 
124 	  41 	 -2.62 	 	 2.09 	 	 0.00 
152 	  42 	 3.14 	 	 1.57 	 	 0.52 
 83 	  62 	 2.62 	 	 -2.09 	 	 0.52 
NaN 	 NaN 	 0.00 	 	 0.00 	 	 0.00 
 71 	  70 	 -2.36 	 	 1.57 	 	 0.00 
 77 	  72 	 2.62 	 	 -2.09 	 	 0.79 
 58 	  75 	 3.14 	 	 -2.09 	 	 0.79 
NaN 	 NaN 	 0.00 	 	 0.00 	 	 0.00 
106 	  90 	 -2.36 	 	 1.05 	 	 0.52 
NaN 	 NaN 	 0.00 	 	 0.00 	 	 0.00 
NaN 	 NaN 	 0.00 	 	 0.00 	 	 0.00 
110 	 100 	 -2.36 	 	 -1.05 	 	 0.79 
256 	 100 	 3.14 	 	 1.05 	 	 -1.05 
108 	 106 	 2.09 	 	 -2.09 	 	 0.52 
215 	 110 	 3.14 	 	 1.57 	 	 -0.52 
NaN 	 NaN 	 0.00 	 	 0.00 	 	 0.00 
129 	 121 	 -2.62 	 	 -1.57 	 	 1.05 
NaN 	 NaN 	 0.00 	 	 0.00 	 	 0.00 
256 	 128 	 3.14 	 	 0.79 	 	 -0.79 
NaN 	 NaN 	 0.00 	 	 0.00 	 	 0.00 
NaN 	 NaN 	 0.00 	 	 0.00 	 	 0.00 
250 	 138 	 2.62 	 	 0.79 	 	 -0.79 
257 	 142 	 3.14 	 	 -1.05 	 	 0.79 
NaN 	 NaN 	 0.00 	 	 0.00 	 	 0.00 
NaN 	 NaN 	 0.00 	 	 0.00 	 	 0.00 
258 	 148 	 3.14 	 	 1.57 	 	 -0.79 
178 	 150 	 2.62 	 	 -2.36 	 	 -0.79 
266 	 154 	 3.14 	 	 1.05 	 	 -0.79 
NaN 	 NaN 	 0.00 	 	 0.00 	 	 0.00 
254 	 161 	 3.14 	 	 1.57 	 	 0.52 
NaN 	 NaN 	 0.00 	 	 0.00 	 	 0.00 
251 	 167 	 2.09 	 	 -1.57 	 	 0.00 
260 	 167 	 3.14 	 	 -1.57 	 	 0.79 
 63 	 168 	 3.14 	 	 1.57 	 	 -1.05 
NaN 	 NaN 	 0.00 	 	 0.00 	 	 0.00 
NaN 	 NaN 	 0.00 	 	 0.00 	 	 0.00 
NaN 	 NaN 	 0.00 	 	 0.00 	 	 0.00 
262 	 182 	 2.36 	 	 -2.36 	 	 -0.52 
 33 	 205 	 3.14 	 	 0.79 	 	 -0.79 
262 	 205 	 3.14 	 	 1.57 	 	 -0.79 
 41 	 208 	 3.14 	 	 -1.05 	 	 0.79 
242 	 219 	 3.14 	 	 1.57 	 	 -0.52 
 37 	 223 	 2.36 	 	 -1.05 	 	 0.52 
NaN 	 NaN 	 0.00 	 	 0.00 	 	 0.00 
NaN 	 NaN 	 0.00 	 	 0.00 	 	 0.00 
 44 	 230 	 2.36 	 	 -2.09 	 	 0.00 
NaN 	 NaN 	 0.00 	 	 0.00 	 	 0.00 
NaN 	 NaN 	 0.00 	 	 0.00 	 	 0.00 
 69 	 234 	 3.14 	 	 -1.57 	 	 1.05 
 87 	 235 	 3.14 	 	 1.57 	 	 -0.79 
 81 	 236 	 2.36 	 	 -1.57 	 	 0.00 
NaN 	 NaN 	 0.00 	 	 0.00 	 	 0.00 
NaN 	 NaN 	 0.00 	 	 0.00 	 	 0.00 
150 	 249 	 2.36 	 	 0.52 	 	 -0.79 
167 	 250 	 2.62 	 	 1.05 	 	 -0.52 
156 	 251 	 3.14 	 	 2.09 	 	 -0.52 
 66 	 254 	 -2.36 	 	 1.57 	 	 0.00 
 72 	 255 	 2.62 	 	 -1.57 	 	 0.52 
 55 	 257 	 -2.36 	 	 1.57 	 	 0.00 
 79 	 257 	 -2.36 	 	 1.57 	 	 -1.05 
134 	 257 	 2.36 	 	 -2.36 	 	 -0.52 
166 	 257 	 2.62 	 	 -1.57 	 	 0.00 
209 	 261 	 2.36 	 	 -1.05 	 	 0.52 
227 	 261 	 2.36 	 	 0.79 	 	 -0.79 
128 	 263 	 2.62 	 	 0.79 	 	 -0.79 
145 	 264 	 2.36 	 	 -2.36 	 	 0.00 
NaN 	 NaN 	 0.00 	 	 0.00 	 	 0.00 
 87 	 267 	 -2.36 	 	 2.09 	 	 0.00 
193 	 273 	 -2.36 	 	 2.09 	 	 0.00 
200 	 277 	 2.36 	 	 -1.05 	 	 0.79 
