------------------------------------------------------------------- 
Name: 74 
Date: 2018-04-19 
Number of Terminations: 66 
Number of Bifurcations: 58 
------------------------------------------------------------------- 
------------------------------------------------------------------- 
Terminations : 
------------------------------------------------------------------- 
X          Y     Angle 
217 	  11 	 3.14 
200 	  17 	 0.00 
223 	  20 	 3.14 
204 	  32 	 -2.62 
211 	  34 	 0.00 
234 	  37 	 3.14 
242 	  46 	 3.14 
 61 	  48 	 1.57 
187 	  48 	 -2.62 
190 	  54 	 3.14 
196 	  54 	 0.00 
261 	  55 	 -0.52 
263 	  61 	 -0.79 
 57 	  65 	 1.05 
236 	  77 	 2.62 
242 	  79 	 -0.52 
NaN 	 NaN 	 NaN 
 54 	  85 	 1.05 
242 	  87 	 3.14 
208 	  92 	 0.00 
 76 	  93 	 -2.09 
202 	  93 	 2.62 
 54 	  98 	 1.05 
112 	 101 	 -2.09 
 57 	 104 	 1.05 
100 	 104 	 -2.09 
206 	 112 	 0.79 
162 	 115 	 -2.09 
159 	 126 	 1.05 
224 	 126 	 -0.79 
177 	 144 	 1.57 
219 	 145 	 1.57 
143 	 149 	 -2.09 
 38 	 157 	 1.05 
229 	 157 	 -2.09 
245 	 159 	 -1.05 
245 	 165 	 -2.62 
 74 	 166 	 -1.05 
160 	 167 	 2.09 
107 	 177 	 -1.57 
 61 	 178 	 1.05 
NaN 	 NaN 	 NaN 
267 	 178 	 0.00 
 55 	 179 	 1.57 
 68 	 181 	 -2.09 
NaN 	 NaN 	 NaN 
 60 	 185 	 -2.09 
260 	 186 	 1.57 
 53 	 188 	 -2.09 
264 	 191 	 -2.62 
224 	 205 	 -0.52 
 43 	 209 	 1.57 
 80 	 209 	 1.05 
NaN 	 NaN 	 NaN 
NaN 	 NaN 	 NaN 
 71 	 213 	 0.79 
 84 	 214 	 -2.09 
 37 	 215 	 1.57 
 50 	 215 	 -2.09 
 43 	 218 	 -1.57 
 74 	 220 	 -2.09 
 56 	 221 	 1.57 
 58 	 227 	 -1.57 
200 	 231 	 2.62 
221 	 239 	 -2.09 
203 	 245 	 2.09 
------------------------------------------------------------------- 
Bifurcations : 
------------------------------------------------------------------- 
X          Y     Angle 1     Angle 2    Angle 3 
NaN 	 NaN 	 NaN 	 	 NaN 	 	 0.00 
 92 	  23 	 3.14 	 	 NaN 	 	 0.79 
 85 	  25 	 2.62 	 	 NaN 	 	 0.52 
105 	  26 	 2.36 	 	 -2.36 	 	 0.52 
129 	  48 	 3.14 	 	 1.05 	 	 0.79 
161 	  61 	 2.62 	 	 -1.57 	 	 0.00 
NaN 	 NaN 	 0.00 	 	 0.00 	 	 0.00 
127 	  84 	 3.14 	 	 -2.36 	 	 1.05 
NaN 	 NaN 	 0.00 	 	 0.00 	 	 0.00 
NaN 	 NaN 	 0.00 	 	 0.00 	 	 0.00 
132 	  94 	 -2.62 	 	 1.05 	 	 -1.05 
248 	  99 	 3.14 	 	 1.05 	 	 -0.79 
130 	 100 	 2.36 	 	 -2.36 	 	 0.52 
176 	 100 	 -2.62 	 	 1.05 	 	 -0.79 
139 	 104 	 3.14 	 	 -2.09 	 	 1.05 
NaN 	 NaN 	 0.00 	 	 0.00 	 	 0.00 
256 	 106 	 2.62 	 	 1.05 	 	 -1.05 
NaN 	 NaN 	 0.00 	 	 0.00 	 	 0.00 
NaN 	 NaN 	 0.00 	 	 0.00 	 	 0.00 
130 	 129 	 1.57 	 	 -1.57 	 	 0.52 
NaN 	 NaN 	 0.00 	 	 0.00 	 	 0.00 
217 	 132 	 2.36 	 	 -2.62 	 	 -0.79 
NaN 	 NaN 	 0.00 	 	 0.00 	 	 0.00 
NaN 	 NaN 	 0.00 	 	 0.00 	 	 0.00 
167 	 150 	 -2.09 	 	 1.57 	 	 0.00 
172 	 162 	 2.36 	 	 -2.09 	 	 0.79 
NaN 	 NaN 	 0.00 	 	 0.00 	 	 0.00 
256 	 166 	 -2.62 	 	 -1.05 	 	 0.79 
NaN 	 NaN 	 0.00 	 	 0.00 	 	 0.00 
259 	 179 	 3.14 	 	 -1.05 	 	 0.79 
 81 	 192 	 -2.36 	 	 2.09 	 	 -1.05 
 96 	 197 	 -2.36 	 	 2.09 	 	 -0.79 
 80 	 198 	 2.09 	 	 -1.05 	 	 0.79 
116 	 208 	 2.36 	 	 1.05 	 	 -1.05 
258 	 214 	 3.14 	 	 1.05 	 	 -0.79 
159 	 218 	 2.62 	 	 1.57 	 	 -0.52 
244 	 224 	 2.62 	 	 1.57 	 	 -0.52 
262 	 225 	 3.14 	 	 1.57 	 	 -0.79 
NaN 	 NaN 	 0.00 	 	 0.00 	 	 0.00 
 49 	 236 	 3.14 	 	 1.05 	 	 -1.05 
NaN 	 NaN 	 0.00 	 	 0.00 	 	 0.00 
176 	 236 	 2.62 	 	 -1.05 	 	 0.00 
NaN 	 NaN 	 0.00 	 	 0.00 	 	 0.00 
 42 	 237 	 2.09 	 	 -1.57 	 	 0.52 
 35 	 242 	 3.14 	 	 1.57 	 	 -0.52 
 51 	 243 	 -2.62 	 	 1.05 	 	 -0.79 
NaN 	 NaN 	 0.00 	 	 0.00 	 	 0.00 
NaN 	 NaN 	 0.00 	 	 0.00 	 	 0.00 
NaN 	 NaN 	 0.00 	 	 0.00 	 	 0.00 
160 	 254 	 2.62 	 	 -1.57 	 	 0.00 
205 	 255 	 2.62 	 	 -1.05 	 	 0.52 
211 	 258 	 -2.62 	 	 2.09 	 	 -0.52 
165 	 259 	 3.14 	 	 1.57 	 	 0.00 
 48 	 262 	 -2.36 	 	 2.09 	 	 0.00 
 83 	 263 	 3.14 	 	 1.05 	 	 0.00 
155 	 275 	 -2.36 	 	 2.09 	 	 0.00 
143 	 277 	 3.14 	 	 -2.36 	 	 1.05 
206 	 279 	 -2.36 	 	 2.09 	 	 0.00 
