------------------------------------------------------------------- 
Name: 76 
Date: 2018-04-19 
Number of Terminations: 91 
Number of Bifurcations: 67 
------------------------------------------------------------------- 
------------------------------------------------------------------- 
Terminations : 
------------------------------------------------------------------- 
X          Y     Angle 
NaN 	 NaN 	 NaN 
185 	  15 	 -0.52 
221 	  18 	 3.14 
226 	  28 	 2.36 
188 	  30 	 -2.62 
196 	  32 	 -0.52 
231 	  35 	 3.14 
NaN 	 NaN 	 NaN 
NaN 	 NaN 	 NaN 
173 	  47 	 -2.62 
 57 	  49 	 1.05 
212 	  50 	 2.62 
218 	  51 	 0.00 
236 	  54 	 3.14 
NaN 	 NaN 	 NaN 
247 	  77 	 3.14 
NaN 	 NaN 	 NaN 
180 	  84 	 3.14 
186 	  84 	 0.00 
194 	  84 	 2.62 
201 	  85 	 -0.52 
226 	  86 	 2.62 
 49 	  87 	 1.05 
 53 	  92 	 -2.09 
194 	  92 	 -0.52 
188 	  93 	 3.14 
227 	  97 	 2.09 
 46 	 105 	 1.05 
 88 	 107 	 -2.09 
238 	 110 	 3.14 
NaN 	 NaN 	 NaN 
228 	 114 	 -1.57 
222 	 115 	 1.57 
238 	 116 	 0.79 
263 	 117 	 3.14 
204 	 122 	 -1.05 
210 	 125 	 -1.05 
265 	 125 	 2.36 
235 	 136 	 -0.52 
 49 	 138 	 1.57 
 31 	 140 	 2.36 
131 	 143 	 1.57 
 45 	 144 	 -1.57 
 57 	 157 	 -1.57 
 35 	 159 	 1.57 
145 	 161 	 1.57 
200 	 161 	 -2.09 
206 	 163 	 -1.05 
NaN 	 NaN 	 NaN 
248 	 163 	 -2.09 
 37 	 165 	 -1.57 
 65 	 169 	 -1.57 
NaN 	 NaN 	 NaN 
 42 	 173 	 1.57 
 51 	 179 	 0.79 
 96 	 180 	 -1.05 
 45 	 181 	 1.05 
 58 	 185 	 -1.57 
 51 	 187 	 -2.09 
129 	 187 	 -1.05 
145 	 187 	 1.57 
NaN 	 NaN 	 NaN 
231 	 198 	 -0.79 
199 	 200 	 -1.05 
NaN 	 NaN 	 NaN 
145 	 206 	 2.36 
229 	 209 	 2.36 
221 	 210 	 3.14 
 71 	 212 	 1.05 
 62 	 215 	 0.79 
NaN 	 NaN 	 NaN 
 55 	 218 	 1.57 
 74 	 218 	 -2.36 
NaN 	 NaN 	 NaN 
193 	 221 	 -1.05 
 64 	 224 	 -1.57 
 57 	 226 	 -1.57 
196 	 227 	 2.09 
NaN 	 NaN 	 NaN 
 49 	 230 	 -1.57 
129 	 231 	 2.09 
140 	 240 	 2.09 
193 	 244 	 2.62 
206 	 246 	 -1.05 
175 	 247 	 2.36 
204 	 252 	 2.09 
225 	 253 	 2.62 
 34 	 254 	 -1.57 
 79 	 259 	 -1.05 
 35 	 260 	 -0.79 
179 	 274 	 -1.05 
------------------------------------------------------------------- 
Bifurcations : 
------------------------------------------------------------------- 
X          Y     Angle 1     Angle 2    Angle 3 
195 	  16 	 3.14 	 	 NaN 	 	 0.00 
201 	  16 	 -2.62 	 	 NaN 	 	 -0.52 
NaN 	 NaN 	 0.00 	 	 NaN 	 	 0.00 
158 	  23 	 -2.62 	 	 NaN 	 	 0.00 
 90 	  38 	 2.36 	 	 NaN 	 	 0.52 
 75 	  47 	 2.36 	 	 -1.57 	 	 0.00 
 63 	  57 	 -2.36 	 	 1.57 	 	 0.00 
NaN 	 NaN 	 0.00 	 	 0.00 	 	 0.00 
147 	  62 	 2.62 	 	 -1.57 	 	 0.00 
NaN 	 NaN 	 0.00 	 	 0.00 	 	 0.00 
119 	  65 	 3.14 	 	 -1.57 	 	 0.79 
 67 	  69 	 2.62 	 	 -2.09 	 	 1.05 
141 	  69 	 -2.36 	 	 2.09 	 	 0.52 
115 	  70 	 -2.36 	 	 2.09 	 	 0.52 
135 	  74 	 3.14 	 	 -1.57 	 	 0.79 
173 	  76 	 -2.62 	 	 -2.09 	 	 0.00 
130 	  80 	 -2.36 	 	 2.09 	 	 0.52 
 78 	  82 	 -2.09 	 	 1.57 	 	 0.00 
 67 	  83 	 -2.62 	 	 1.05 	 	 -1.05 
 85 	  83 	 3.14 	 	 -1.57 	 	 0.79 
115 	  83 	 -2.62 	 	 -1.05 	 	 0.79 
112 	  89 	 -2.36 	 	 2.09 	 	 0.52 
NaN 	 NaN 	 0.00 	 	 0.00 	 	 0.00 
212 	  89 	 2.62 	 	 2.09 	 	 -0.52 
NaN 	 NaN 	 0.00 	 	 0.00 	 	 0.00 
NaN 	 NaN 	 0.00 	 	 0.00 	 	 0.00 
NaN 	 NaN 	 0.00 	 	 0.00 	 	 0.00 
NaN 	 NaN 	 0.00 	 	 0.00 	 	 0.00 
135 	 109 	 2.36 	 	 -2.09 	 	 0.79 
250 	 109 	 2.62 	 	 1.05 	 	 -0.79 
NaN 	 NaN 	 0.00 	 	 0.00 	 	 0.00 
131 	 117 	 -2.36 	 	 1.05 	 	 -0.79 
140 	 118 	 3.14 	 	 -2.09 	 	 1.05 
246 	 118 	 2.09 	 	 -2.09 	 	 0.00 
119 	 124 	 3.14 	 	 2.09 	 	 -1.05 
NaN 	 NaN 	 0.00 	 	 0.00 	 	 0.00 
NaN 	 NaN 	 0.00 	 	 0.00 	 	 0.00 
NaN 	 NaN 	 0.00 	 	 0.00 	 	 0.00 
NaN 	 NaN 	 0.00 	 	 0.00 	 	 0.00 
NaN 	 NaN 	 0.00 	 	 0.00 	 	 0.00 
108 	 148 	 2.36 	 	 0.79 	 	 -0.79 
NaN 	 NaN 	 0.00 	 	 0.00 	 	 0.00 
257 	 174 	 2.09 	 	 -2.09 	 	 -0.52 
236 	 189 	 2.36 	 	 -1.57 	 	 0.00 
NaN 	 NaN 	 0.00 	 	 0.00 	 	 0.00 
 86 	 200 	 2.09 	 	 -2.09 	 	 -0.52 
NaN 	 NaN 	 0.00 	 	 0.00 	 	 0.00 
166 	 237 	 2.62 	 	 -1.05 	 	 0.00 
 80 	 241 	 2.09 	 	 -2.09 	 	 0.00 
 40 	 245 	 3.14 	 	 1.05 	 	 -1.05 
NaN 	 NaN 	 0.00 	 	 0.00 	 	 0.00 
121 	 248 	 2.36 	 	 -2.36 	 	 -0.79 
116 	 253 	 2.36 	 	 0.79 	 	 -0.79 
240 	 253 	 2.62 	 	 -2.09 	 	 0.00 
150 	 256 	 2.36 	 	 -1.57 	 	 0.52 
NaN 	 NaN 	 0.00 	 	 0.00 	 	 0.00 
235 	 259 	 2.62 	 	 -1.05 	 	 0.79 
155 	 260 	 3.14 	 	 1.57 	 	 0.00 
220 	 262 	 2.36 	 	 -1.57 	 	 0.52 
 44 	 268 	 2.62 	 	 1.05 	 	 -0.79 
NaN 	 NaN 	 0.00 	 	 0.00 	 	 0.00 
 81 	 271 	 2.09 	 	 -1.57 	 	 0.79 
166 	 274 	 2.62 	 	 1.57 	 	 -0.52 
172 	 276 	 3.14 	 	 1.05 	 	 -0.79 
124 	 279 	 -2.36 	 	 1.57 	 	 0.00 
154 	 279 	 2.62 	 	 -2.09 	 	 -0.52 
203 	 283 	 2.36 	 	 -2.09 	 	 0.00 
