------------------------------------------------------------------- 
Name: 77 
Date: 2018-04-19 
Number of Terminations: 76 
Number of Bifurcations: 71 
------------------------------------------------------------------- 
------------------------------------------------------------------- 
Terminations : 
------------------------------------------------------------------- 
X          Y     Angle 
212 	  15 	 2.62 
199 	  28 	 3.14 
206 	  30 	 0.00 
229 	  40 	 3.14 
156 	  60 	 -2.36 
238 	  61 	 1.57 
 53 	  65 	 1.05 
240 	  68 	 2.62 
251 	  69 	 -2.09 
242 	  80 	 1.05 
208 	  82 	 3.14 
 50 	  87 	 1.05 
 58 	  87 	 1.05 
 65 	  88 	 0.79 
248 	  91 	 2.09 
 61 	  94 	 -1.57 
111 	 104 	 -1.57 
 56 	 105 	 1.57 
 46 	 106 	 -1.57 
100 	 108 	 -2.36 
199 	 112 	 3.14 
 50 	 113 	 -2.09 
 44 	 114 	 1.05 
 28 	 117 	 -2.09 
223 	 126 	 -0.52 
 42 	 132 	 1.05 
 27 	 141 	 2.09 
NaN 	 NaN 	 NaN 
181 	 160 	 1.57 
157 	 162 	 1.05 
139 	 166 	 -1.05 
 34 	 167 	 1.05 
 48 	 168 	 -2.09 
147 	 169 	 2.09 
158 	 169 	 -0.52 
 76 	 170 	 -1.57 
NaN 	 NaN 	 NaN 
NaN 	 NaN 	 NaN 
 63 	 182 	 1.05 
108 	 182 	 -1.05 
 56 	 183 	 1.05 
139 	 183 	 2.36 
 70 	 186 	 -2.09 
 34 	 188 	 1.05 
 41 	 188 	 1.05 
 62 	 190 	 -2.09 
141 	 190 	 -1.05 
 34 	 195 	 -1.57 
 40 	 195 	 -1.57 
118 	 197 	 1.57 
NaN 	 NaN 	 NaN 
114 	 203 	 2.09 
217 	 207 	 -2.62 
178 	 208 	 3.14 
171 	 212 	 -1.57 
 44 	 214 	 1.05 
 82 	 216 	 1.05 
157 	 217 	 -1.05 
 74 	 218 	 1.05 
 37 	 219 	 1.05 
129 	 219 	 2.09 
 86 	 221 	 -2.36 
 67 	 223 	 2.09 
 44 	 224 	 -1.05 
 58 	 226 	 1.57 
 76 	 226 	 -1.57 
NaN 	 NaN 	 NaN 
 68 	 229 	 -1.57 
NaN 	 NaN 	 NaN 
202 	 234 	 3.14 
143 	 235 	 2.09 
208 	 238 	 -1.05 
NaN 	 NaN 	 NaN 
206 	 248 	 2.09 
200 	 249 	 3.14 
 89 	 263 	 -0.79 
------------------------------------------------------------------- 
Bifurcations : 
------------------------------------------------------------------- 
X          Y     Angle 1     Angle 2    Angle 3 
NaN 	 NaN 	 NaN 	 	 NaN 	 	 0.00 
NaN 	 NaN 	 0.00 	 	 NaN 	 	 0.00 
188 	  36 	 2.62 	 	 NaN 	 	 0.00 
 93 	  55 	 2.62 	 	 NaN 	 	 0.79 
 60 	  69 	 -2.36 	 	 NaN 	 	 0.00 
 66 	  71 	 2.62 	 	 NaN 	 	 1.05 
NaN 	 NaN 	 0.00 	 	 0.00 	 	 0.00 
NaN 	 NaN 	 0.00 	 	 0.00 	 	 0.00 
158 	  77 	 1.57 	 	 -1.57 	 	 0.00 
 77 	  83 	 -2.62 	 	 -1.05 	 	 0.79 
NaN 	 NaN 	 0.00 	 	 0.00 	 	 0.00 
183 	  86 	 2.36 	 	 -2.36 	 	 0.00 
NaN 	 NaN 	 0.00 	 	 0.00 	 	 0.00 
176 	  89 	 -2.36 	 	 1.05 	 	 0.00 
NaN 	 NaN 	 0.00 	 	 0.00 	 	 0.00 
216 	  93 	 3.14 	 	 -1.57 	 	 -0.52 
131 	  97 	 -2.62 	 	 -1.57 	 	 1.05 
154 	  97 	 -2.36 	 	 2.09 	 	 0.00 
233 	 100 	 2.62 	 	 1.57 	 	 -0.52 
174 	 102 	 3.14 	 	 1.05 	 	 -0.79 
129 	 103 	 2.36 	 	 -2.09 	 	 0.79 
117 	 106 	 -2.36 	 	 1.05 	 	 -1.05 
NaN 	 NaN 	 0.00 	 	 0.00 	 	 0.00 
172 	 122 	 -2.62 	 	 -1.57 	 	 0.79 
167 	 132 	 2.09 	 	 -2.09 	 	 0.79 
NaN 	 NaN 	 0.00 	 	 0.00 	 	 0.00 
NaN 	 NaN 	 0.00 	 	 0.00 	 	 0.00 
NaN 	 NaN 	 0.00 	 	 0.00 	 	 0.00 
NaN 	 NaN 	 0.00 	 	 0.00 	 	 0.00 
NaN 	 NaN 	 0.00 	 	 0.00 	 	 0.00 
 89 	 148 	 2.09 	 	 -1.57 	 	 0.79 
NaN 	 NaN 	 0.00 	 	 0.00 	 	 0.00 
221 	 152 	 2.62 	 	 -2.09 	 	 0.00 
258 	 154 	 2.36 	 	 -1.57 	 	 0.00 
172 	 165 	 2.09 	 	 -1.57 	 	 0.00 
NaN 	 NaN 	 0.00 	 	 0.00 	 	 0.00 
NaN 	 NaN 	 0.00 	 	 0.00 	 	 0.00 
NaN 	 NaN 	 0.00 	 	 0.00 	 	 0.00 
NaN 	 NaN 	 0.00 	 	 0.00 	 	 0.00 
NaN 	 NaN 	 0.00 	 	 0.00 	 	 0.00 
NaN 	 NaN 	 0.00 	 	 0.00 	 	 0.00 
227 	 189 	 2.36 	 	 0.79 	 	 -0.79 
NaN 	 NaN 	 0.00 	 	 0.00 	 	 0.00 
253 	 195 	 3.14 	 	 1.57 	 	 -0.79 
 99 	 203 	 2.36 	 	 -2.36 	 	 -0.79 
NaN 	 NaN 	 0.00 	 	 0.00 	 	 0.00 
245 	 210 	 2.36 	 	 -2.62 	 	 0.00 
259 	 210 	 3.14 	 	 1.57 	 	 -0.52 
238 	 215 	 2.62 	 	 -1.05 	 	 0.79 
167 	 218 	 2.62 	 	 1.57 	 	 0.00 
NaN 	 NaN 	 0.00 	 	 0.00 	 	 0.00 
NaN 	 NaN 	 0.00 	 	 0.00 	 	 0.00 
193 	 229 	 3.14 	 	 2.09 	 	 0.00 
 35 	 233 	 2.36 	 	 -2.09 	 	 0.52 
 41 	 233 	 2.36 	 	 -1.05 	 	 0.79 
 92 	 244 	 2.36 	 	 -2.09 	 	 0.00 
143 	 244 	 2.36 	 	 -1.57 	 	 0.00 
NaN 	 NaN 	 0.00 	 	 0.00 	 	 0.00 
191 	 250 	 -2.62 	 	 1.57 	 	 -0.79 
NaN 	 NaN 	 0.00 	 	 0.00 	 	 0.00 
NaN 	 NaN 	 0.00 	 	 0.00 	 	 0.00 
182 	 253 	 2.62 	 	 -2.09 	 	 0.00 
 78 	 258 	 -2.62 	 	 2.09 	 	 -1.05 
NaN 	 NaN 	 0.00 	 	 0.00 	 	 0.00 
NaN 	 NaN 	 0.00 	 	 0.00 	 	 0.00 
NaN 	 NaN 	 0.00 	 	 0.00 	 	 0.00 
119 	 259 	 2.36 	 	 -2.36 	 	 -0.52 
163 	 260 	 2.36 	 	 -1.57 	 	 0.52 
106 	 261 	 2.09 	 	 -2.09 	 	 -0.52 
215 	 262 	 3.14 	 	 2.09 	 	 0.00 
169 	 264 	 3.14 	 	 1.57 	 	 0.00 
