------------------------------------------------------------------- 
Name: 78 
Date: 2018-04-19 
Number of Terminations: 77 
Number of Bifurcations: 69 
------------------------------------------------------------------- 
------------------------------------------------------------------- 
Terminations : 
------------------------------------------------------------------- 
X          Y     Angle 
203 	  11 	 3.14 
NaN 	 NaN 	 NaN 
219 	  29 	 3.14 
182 	  32 	 3.14 
190 	  34 	 0.00 
218 	  37 	 3.14 
NaN 	 NaN 	 NaN 
221 	  47 	 2.62 
NaN 	 NaN 	 NaN 
 54 	  54 	 0.00 
229 	  57 	 3.14 
204 	  63 	 -2.62 
238 	  79 	 2.62 
263 	  79 	 0.00 
 51 	  81 	 0.79 
173 	  83 	 3.14 
179 	  83 	 0.00 
187 	  83 	 3.14 
264 	  85 	 1.57 
218 	  87 	 2.62 
180 	  92 	 3.14 
186 	  92 	 -0.52 
NaN 	 NaN 	 NaN 
 92 	 101 	 -2.09 
249 	 107 	 2.36 
 41 	 111 	 1.05 
184 	 112 	 0.79 
252 	 120 	 2.62 
129 	 125 	 1.05 
201 	 126 	 -0.52 
NaN 	 NaN 	 NaN 
245 	 137 	 -1.57 
NaN 	 NaN 	 NaN 
251 	 139 	 1.57 
156 	 140 	 -1.57 
136 	 159 	 1.57 
 47 	 161 	 -2.36 
 35 	 162 	 1.57 
197 	 162 	 -1.05 
 67 	 164 	 1.05 
251 	 168 	 1.57 
 68 	 170 	 -1.57 
264 	 170 	 1.57 
 37 	 177 	 1.57 
 44 	 178 	 1.57 
 88 	 178 	 -1.57 
 56 	 181 	 -1.57 
266 	 182 	 1.05 
 42 	 185 	 -2.09 
 35 	 187 	 -2.09 
156 	 189 	 2.62 
193 	 189 	 -1.05 
163 	 193 	 -0.52 
NaN 	 NaN 	 NaN 
241 	 203 	 2.36 
235 	 206 	 1.57 
 32 	 207 	 1.05 
 62 	 211 	 1.05 
 54 	 213 	 1.05 
134 	 213 	 -0.52 
 46 	 218 	 1.57 
 64 	 219 	 -1.57 
NaN 	 NaN 	 NaN 
184 	 220 	 -1.57 
 38 	 221 	 1.57 
 56 	 222 	 -2.09 
186 	 226 	 1.57 
 35 	 231 	 -1.57 
204 	 231 	 -1.05 
135 	 232 	 2.36 
230 	 233 	 2.09 
141 	 236 	 -0.79 
183 	 244 	 2.09 
NaN 	 NaN 	 NaN 
 85 	 255 	 -0.52 
170 	 274 	 -1.05 
159 	 279 	 -1.57 
------------------------------------------------------------------- 
Bifurcations : 
------------------------------------------------------------------- 
X          Y     Angle 1     Angle 2    Angle 3 
129 	  12 	 -2.62 	 	 NaN 	 	 0.00 
 99 	  15 	 -2.62 	 	 NaN 	 	 0.52 
 76 	  25 	 -2.36 	 	 NaN 	 	 0.00 
NaN 	 NaN 	 0.00 	 	 NaN 	 	 0.00 
110 	  30 	 3.14 	 	 NaN 	 	 0.79 
114 	  35 	 2.36 	 	 -2.62 	 	 0.00 
 94 	  39 	 2.36 	 	 -2.36 	 	 0.52 
172 	  39 	 3.14 	 	 -2.09 	 	 0.00 
NaN 	 NaN 	 0.00 	 	 0.00 	 	 0.00 
 83 	  50 	 -2.62 	 	 1.05 	 	 -0.79 
 88 	  55 	 2.36 	 	 -2.36 	 	 0.79 
NaN 	 NaN 	 0.00 	 	 0.00 	 	 0.00 
140 	  62 	 2.36 	 	 -2.09 	 	 0.52 
228 	  65 	 3.14 	 	 -1.05 	 	 0.00 
133 	  67 	 -2.36 	 	 2.09 	 	 0.00 
NaN 	 NaN 	 0.00 	 	 0.00 	 	 0.00 
150 	  72 	 -2.62 	 	 1.57 	 	 0.52 
127 	  73 	 3.14 	 	 -2.09 	 	 0.79 
 65 	  75 	 -2.36 	 	 1.05 	 	 -0.79 
122 	  78 	 -2.36 	 	 2.09 	 	 0.00 
NaN 	 NaN 	 0.00 	 	 0.00 	 	 0.00 
 59 	  83 	 -2.36 	 	 -2.09 	 	 0.79 
170 	  92 	 3.14 	 	 -1.05 	 	 0.52 
165 	  97 	 -2.62 	 	 1.57 	 	 0.00 
215 	 103 	 3.14 	 	 -1.57 	 	 0.00 
 68 	 104 	 -2.09 	 	 1.57 	 	 -0.52 
 84 	 105 	 3.14 	 	 -1.57 	 	 1.05 
127 	 108 	 2.36 	 	 -2.36 	 	 0.79 
149 	 108 	 3.14 	 	 -1.57 	 	 0.79 
106 	 111 	 2.09 	 	 -2.09 	 	 0.00 
157 	 124 	 3.14 	 	 -2.09 	 	 0.52 
147 	 129 	 2.36 	 	 -2.36 	 	 0.79 
220 	 130 	 2.09 	 	 -1.57 	 	 0.00 
234 	 130 	 2.09 	 	 -1.57 	 	 0.00 
NaN 	 NaN 	 0.00 	 	 0.00 	 	 0.00 
266 	 140 	 3.14 	 	 2.09 	 	 -0.52 
NaN 	 NaN 	 0.00 	 	 0.00 	 	 0.00 
NaN 	 NaN 	 0.00 	 	 0.00 	 	 0.00 
NaN 	 NaN 	 0.00 	 	 0.00 	 	 0.00 
NaN 	 NaN 	 0.00 	 	 0.00 	 	 0.00 
NaN 	 NaN 	 0.00 	 	 0.00 	 	 0.00 
248 	 160 	 2.62 	 	 1.05 	 	 -0.79 
NaN 	 NaN 	 0.00 	 	 0.00 	 	 0.00 
NaN 	 NaN 	 0.00 	 	 0.00 	 	 0.00 
247 	 197 	 2.62 	 	 -1.57 	 	 0.52 
 78 	 198 	 2.36 	 	 -2.36 	 	 -0.79 
NaN 	 NaN 	 0.00 	 	 0.00 	 	 0.00 
261 	 210 	 3.14 	 	 1.57 	 	 -0.79 
249 	 220 	 2.36 	 	 -2.62 	 	 0.00 
237 	 223 	 2.62 	 	 1.05 	 	 -0.79 
 72 	 240 	 2.36 	 	 -2.09 	 	 -0.52 
NaN 	 NaN 	 0.00 	 	 0.00 	 	 0.00 
129 	 246 	 3.14 	 	 1.57 	 	 -0.79 
NaN 	 NaN 	 0.00 	 	 0.00 	 	 0.00 
NaN 	 NaN 	 0.00 	 	 0.00 	 	 0.00 
110 	 255 	 2.36 	 	 -2.36 	 	 -0.52 
141 	 255 	 2.36 	 	 -1.57 	 	 0.52 
NaN 	 NaN 	 0.00 	 	 0.00 	 	 0.00 
146 	 259 	 3.14 	 	 1.57 	 	 0.00 
209 	 261 	 2.36 	 	 -1.05 	 	 0.52 
 41 	 267 	 2.62 	 	 1.05 	 	 -0.79 
229 	 267 	 -2.36 	 	 2.09 	 	 -0.52 
 71 	 270 	 2.09 	 	 -1.57 	 	 0.79 
NaN 	 NaN 	 0.00 	 	 0.00 	 	 0.00 
196 	 272 	 3.14 	 	 -1.57 	 	 0.00 
218 	 272 	 3.14 	 	 -1.05 	 	 0.79 
163 	 274 	 3.14 	 	 1.05 	 	 -1.05 
201 	 277 	 -2.36 	 	 1.57 	 	 -0.52 
145 	 279 	 2.62 	 	 -1.57 	 	 0.00 
