------------------------------------------------------------------- 
Name: 79 
Date: 2018-04-19 
Number of Terminations: 81 
Number of Bifurcations: 74 
------------------------------------------------------------------- 
------------------------------------------------------------------- 
Terminations : 
------------------------------------------------------------------- 
X          Y     Angle 
213 	  28 	 -2.36 
191 	  31 	 0.00 
257 	  33 	 0.52 
171 	  36 	 -2.09 
NaN 	 NaN 	 NaN 
177 	  40 	 0.52 
257 	  41 	 0.52 
 82 	  51 	 0.52 
189 	  51 	 3.14 
171 	  52 	 0.00 
204 	  53 	 2.62 
212 	  53 	 0.00 
218 	  56 	 1.57 
 61 	  57 	 1.05 
141 	  57 	 -1.57 
170 	  62 	 3.14 
202 	  62 	 0.00 
 64 	  63 	 -0.52 
211 	  64 	 2.62 
NaN 	 NaN 	 NaN 
NaN 	 NaN 	 NaN 
166 	  73 	 0.52 
212 	  73 	 0.00 
102 	  74 	 0.79 
221 	  74 	 2.62 
194 	  79 	 3.14 
215 	  80 	 -0.52 
221 	  82 	 2.62 
227 	  83 	 0.00 
170 	  87 	 2.62 
168 	  95 	 -2.62 
NaN 	 NaN 	 NaN 
240 	 102 	 0.00 
 47 	 103 	 1.05 
210 	 103 	 3.14 
216 	 104 	 0.52 
251 	 104 	 2.62 
158 	 108 	 3.14 
271 	 110 	 -0.79 
163 	 112 	 0.00 
231 	 115 	 3.14 
 45 	 118 	 0.52 
237 	 118 	 0.00 
198 	 125 	 3.14 
141 	 126 	 -2.36 
205 	 127 	 0.00 
NaN 	 NaN 	 NaN 
268 	 131 	 -0.79 
174 	 132 	 3.14 
161 	 133 	 0.00 
 43 	 136 	 1.05 
 94 	 138 	 0.79 
182 	 139 	 -0.52 
176 	 140 	 3.14 
 89 	 143 	 -1.57 
 47 	 144 	 1.05 
NaN 	 NaN 	 NaN 
 91 	 171 	 -2.09 
 80 	 175 	 -2.36 
147 	 176 	 1.05 
242 	 180 	 -1.05 
 43 	 183 	 -2.36 
188 	 185 	 3.14 
167 	 190 	 -2.36 
235 	 190 	 2.09 
241 	 192 	 -1.05 
125 	 195 	 2.62 
NaN 	 NaN 	 NaN 
210 	 206 	 -0.52 
NaN 	 NaN 	 NaN 
159 	 217 	 -1.57 
232 	 217 	 1.57 
164 	 221 	 1.05 
198 	 223 	 -0.52 
138 	 227 	 1.57 
233 	 227 	 -0.79 
102 	 242 	 2.09 
 91 	 247 	 -1.57 
105 	 248 	 -1.57 
183 	 248 	 2.09 
168 	 253 	 -1.57 
------------------------------------------------------------------- 
Bifurcations : 
------------------------------------------------------------------- 
X          Y     Angle 1     Angle 2    Angle 3 
162 	  12 	 -2.62 	 	 NaN 	 	 0.00 
114 	  17 	 2.36 	 	 NaN 	 	 0.52 
 85 	  18 	 -2.62 	 	 1.05 	 	 -1.05 
132 	  27 	 3.14 	 	 -2.09 	 	 0.52 
 79 	  29 	 -2.36 	 	 2.09 	 	 0.00 
119 	  38 	 -2.62 	 	 1.05 	 	 0.00 
194 	  41 	 -2.62 	 	 1.57 	 	 0.00 
202 	  41 	 3.14 	 	 0.52 	 	 -0.79 
NaN 	 NaN 	 0.00 	 	 0.00 	 	 0.00 
153 	  77 	 3.14 	 	 1.57 	 	 0.00 
NaN 	 NaN 	 0.00 	 	 0.00 	 	 0.00 
139 	  80 	 3.14 	 	 -2.09 	 	 0.00 
133 	  82 	 3.14 	 	 0.79 	 	 -0.52 
106 	  83 	 -2.62 	 	 1.57 	 	 0.00 
 58 	 103 	 -2.36 	 	 1.57 	 	 -0.52 
 64 	 105 	 3.14 	 	 -1.57 	 	 0.79 
260 	 116 	 3.14 	 	 0.79 	 	 -0.79 
NaN 	 NaN 	 0.00 	 	 0.00 	 	 0.00 
261 	 135 	 3.14 	 	 1.57 	 	 -0.79 
NaN 	 NaN 	 0.00 	 	 0.00 	 	 0.00 
NaN 	 NaN 	 0.00 	 	 0.00 	 	 0.00 
 57 	 146 	 -2.62 	 	 -1.05 	 	 0.79 
NaN 	 NaN 	 0.00 	 	 0.00 	 	 0.00 
128 	 154 	 -2.36 	 	 2.09 	 	 0.00 
155 	 154 	 3.14 	 	 -2.09 	 	 0.52 
166 	 159 	 -2.36 	 	 1.05 	 	 0.00 
NaN 	 NaN 	 0.00 	 	 0.00 	 	 0.00 
144 	 164 	 3.14 	 	 -2.36 	 	 1.05 
263 	 168 	 3.14 	 	 -1.57 	 	 0.52 
NaN 	 NaN 	 0.00 	 	 0.00 	 	 0.00 
NaN 	 NaN 	 0.00 	 	 0.00 	 	 0.00 
158 	 177 	 -2.36 	 	 2.09 	 	 0.79 
NaN 	 NaN 	 0.00 	 	 0.00 	 	 0.00 
115 	 178 	 2.09 	 	 -1.57 	 	 0.52 
130 	 186 	 -2.09 	 	 -1.05 	 	 0.79 
258 	 191 	 3.14 	 	 1.57 	 	 -0.79 
111 	 195 	 -2.36 	 	 2.09 	 	 -0.79 
262 	 199 	 3.14 	 	 1.57 	 	 -0.79 
NaN 	 NaN 	 0.00 	 	 0.00 	 	 0.00 
NaN 	 NaN 	 0.00 	 	 0.00 	 	 0.00 
184 	 209 	 2.62 	 	 -2.09 	 	 0.00 
 46 	 219 	 2.36 	 	 2.09 	 	 -1.57 
102 	 219 	 -2.36 	 	 2.09 	 	 -0.79 
220 	 219 	 2.36 	 	 0.79 	 	 -0.79 
147 	 222 	 2.36 	 	 -2.36 	 	 0.52 
241 	 222 	 3.14 	 	 1.05 	 	 -0.79 
122 	 226 	 2.09 	 	 -2.09 	 	 -0.52 
NaN 	 NaN 	 0.00 	 	 0.00 	 	 0.00 
NaN 	 NaN 	 0.00 	 	 0.00 	 	 0.00 
 60 	 232 	 -2.62 	 	 1.57 	 	 -0.79 
236 	 233 	 3.14 	 	 1.57 	 	 -0.79 
 54 	 234 	 2.36 	 	 -2.36 	 	 0.00 
NaN 	 NaN 	 0.00 	 	 0.00 	 	 0.00 
NaN 	 NaN 	 0.00 	 	 0.00 	 	 0.00 
 34 	 241 	 -2.62 	 	 1.05 	 	 0.52 
NaN 	 NaN 	 0.00 	 	 0.00 	 	 0.00 
 49 	 243 	 2.62 	 	 1.05 	 	 -1.05 
 77 	 243 	 -2.62 	 	 1.57 	 	 -1.05 
154 	 243 	 3.14 	 	 1.05 	 	 0.00 
 71 	 244 	 -2.09 	 	 1.57 	 	 0.00 
NaN 	 NaN 	 0.00 	 	 0.00 	 	 0.00 
147 	 254 	 -2.09 	 	 1.05 	 	 0.79 
239 	 256 	 -2.62 	 	 1.57 	 	 -0.52 
 95 	 265 	 -2.62 	 	 1.57 	 	 -0.79 
226 	 265 	 2.36 	 	 -2.36 	 	 0.00 
 88 	 267 	 -2.36 	 	 1.57 	 	 0.00 
113 	 267 	 -2.62 	 	 2.09 	 	 -0.79 
107 	 269 	 2.36 	 	 -1.57 	 	 0.00 
203 	 271 	 -2.36 	 	 1.57 	 	 -0.52 
191 	 275 	 2.62 	 	 1.05 	 	 -0.52 
176 	 276 	 2.36 	 	 -2.36 	 	 -0.52 
209 	 276 	 2.36 	 	 -2.36 	 	 -0.79 
197 	 278 	 3.14 	 	 1.05 	 	 -0.79 
214 	 280 	 2.62 	 	 -1.05 	 	 0.79 
