------------------------------------------------------------------- 
Name: 80 
Date: 2018-04-19 
Number of Terminations: 82 
Number of Bifurcations: 47 
------------------------------------------------------------------- 
------------------------------------------------------------------- 
Terminations : 
------------------------------------------------------------------- 
X          Y     Angle 
NaN 	 NaN 	 NaN 
212 	  20 	 2.62 
248 	  22 	 0.79 
223 	  35 	 3.14 
 59 	  42 	 1.05 
228 	  45 	 2.62 
258 	  56 	 0.00 
NaN 	 NaN 	 NaN 
 57 	  61 	 1.57 
237 	  61 	 2.62 
NaN 	 NaN 	 NaN 
252 	  76 	 -2.09 
260 	  77 	 0.00 
 54 	  79 	 0.79 
246 	  81 	 2.36 
 61 	  82 	 1.05 
 69 	  82 	 1.05 
 65 	  87 	 -2.09 
115 	  96 	 -2.09 
103 	  99 	 -2.09 
 58 	 100 	 1.05 
191 	 111 	 -2.36 
118 	 115 	 1.57 
 29 	 117 	 3.14 
NaN 	 NaN 	 NaN 
150 	 125 	 -2.09 
 46 	 133 	 -2.09 
227 	 136 	 2.36 
183 	 137 	 1.57 
 57 	 143 	 -1.57 
 49 	 144 	 1.57 
181 	 148 	 -2.09 
187 	 148 	 2.36 
 38 	 150 	 0.79 
 46 	 150 	 -1.57 
162 	 152 	 1.57 
114 	 155 	 -1.57 
227 	 156 	 -0.79 
NaN 	 NaN 	 NaN 
 60 	 159 	 -2.09 
 49 	 160 	 -2.09 
 77 	 161 	 -1.57 
 91 	 162 	 -2.09 
194 	 163 	 1.57 
 52 	 168 	 1.05 
111 	 172 	 -1.57 
 63 	 174 	 1.05 
 56 	 175 	 1.05 
 70 	 176 	 -2.09 
135 	 176 	 -1.05 
162 	 176 	 2.62 
 62 	 180 	 -1.57 
 54 	 184 	 -1.57 
194 	 185 	 -1.05 
261 	 191 	 -2.36 
119 	 195 	 -1.57 
238 	 196 	 -2.09 
 52 	 199 	 1.05 
 92 	 200 	 1.57 
113 	 201 	 2.09 
 84 	 203 	 1.05 
 45 	 204 	 1.57 
184 	 204 	 3.14 
NaN 	 NaN 	 NaN 
 94 	 206 	 -1.57 
NaN 	 NaN 	 NaN 
NaN 	 NaN 	 NaN 
 66 	 212 	 1.05 
 44 	 214 	 -1.57 
NaN 	 NaN 	 NaN 
122 	 214 	 -1.57 
NaN 	 NaN 	 NaN 
 69 	 218 	 -1.57 
 50 	 222 	 1.57 
NaN 	 NaN 	 NaN 
122 	 226 	 -0.52 
158 	 230 	 2.36 
212 	 235 	 2.62 
220 	 235 	 -2.09 
NaN 	 NaN 	 NaN 
143 	 250 	 0.52 
160 	 269 	 2.62 
------------------------------------------------------------------- 
Bifurcations : 
------------------------------------------------------------------- 
X          Y     Angle 1     Angle 2    Angle 3 
 71 	  19 	 3.14 	 	 NaN 	 	 1.05 
105 	  22 	 2.62 	 	 NaN 	 	 0.52 
NaN 	 NaN 	 0.00 	 	 0.00 	 	 0.00 
100 	  27 	 2.36 	 	 -2.36 	 	 0.52 
194 	  33 	 2.62 	 	 -1.57 	 	 0.00 
146 	  60 	 3.14 	 	 -2.09 	 	 0.79 
157 	  62 	 -2.36 	 	 2.09 	 	 0.00 
141 	  64 	 -2.09 	 	 1.05 	 	 0.00 
237 	  75 	 2.62 	 	 0.79 	 	 -0.52 
174 	  76 	 3.14 	 	 -2.09 	 	 0.52 
 80 	  78 	 -2.62 	 	 1.05 	 	 -1.05 
NaN 	 NaN 	 0.00 	 	 0.00 	 	 0.00 
167 	  80 	 -2.36 	 	 1.05 	 	 0.00 
244 	  96 	 2.62 	 	 1.05 	 	 -0.52 
223 	 116 	 2.62 	 	 2.09 	 	 -0.52 
117 	 121 	 2.09 	 	 -1.57 	 	 1.05 
NaN 	 NaN 	 0.00 	 	 0.00 	 	 0.00 
NaN 	 NaN 	 0.00 	 	 0.00 	 	 0.00 
195 	 137 	 3.14 	 	 -1.05 	 	 0.79 
NaN 	 NaN 	 0.00 	 	 0.00 	 	 0.00 
212 	 139 	 2.62 	 	 -2.36 	 	 0.00 
262 	 139 	 3.14 	 	 1.57 	 	 -0.79 
NaN 	 NaN 	 0.00 	 	 0.00 	 	 0.00 
232 	 147 	 3.14 	 	 1.57 	 	 -0.79 
NaN 	 NaN 	 0.00 	 	 0.00 	 	 0.00 
NaN 	 NaN 	 0.00 	 	 0.00 	 	 0.00 
122 	 163 	 2.09 	 	 -1.05 	 	 0.79 
NaN 	 NaN 	 0.00 	 	 0.00 	 	 0.00 
100 	 191 	 2.09 	 	 -2.09 	 	 -0.52 
NaN 	 NaN 	 0.00 	 	 0.00 	 	 0.00 
249 	 207 	 2.62 	 	 2.09 	 	 0.00 
256 	 207 	 3.14 	 	 1.57 	 	 -1.05 
NaN 	 NaN 	 0.00 	 	 0.00 	 	 0.00 
261 	 219 	 3.14 	 	 1.57 	 	 -0.52 
 44 	 233 	 2.09 	 	 -2.09 	 	 0.52 
NaN 	 NaN 	 0.00 	 	 0.00 	 	 0.00 
NaN 	 NaN 	 0.00 	 	 0.00 	 	 0.00 
173 	 249 	 3.14 	 	 1.57 	 	 -0.52 
131 	 250 	 2.62 	 	 0.79 	 	 -0.79 
 41 	 253 	 3.14 	 	 1.57 	 	 -0.79 
243 	 257 	 2.36 	 	 -2.62 	 	 0.00 
205 	 262 	 2.62 	 	 2.09 	 	 -0.52 
143 	 267 	 2.36 	 	 -2.36 	 	 -0.52 
207 	 275 	 2.36 	 	 3.14 	 	 -0.79 
NaN 	 NaN 	 0.00 	 	 0.00 	 	 0.00 
150 	 283 	 2.36 	 	 -2.09 	 	 -0.52 
209 	 283 	 3.14 	 	 -2.36 	 	 1.05 
