------------------------------------------------------------------- 
Name: 81 
Date: 2018-04-19 
Number of Terminations: 57 
Number of Bifurcations: 53 
------------------------------------------------------------------- 
------------------------------------------------------------------- 
Terminations : 
------------------------------------------------------------------- 
X          Y     Angle 
 74 	  20 	 3.14 
 68 	  30 	 2.36 
NaN 	 NaN 	 NaN 
203 	  34 	 -0.52 
172 	  36 	 -2.62 
178 	  37 	 0.00 
186 	  39 	 2.62 
193 	  40 	 0.00 
NaN 	 NaN 	 NaN 
NaN 	 NaN 	 NaN 
180 	  46 	 2.62 
186 	  46 	 -0.52 
 74 	  57 	 0.79 
 71 	  69 	 0.79 
217 	  72 	 2.36 
199 	  78 	 2.62 
NaN 	 NaN 	 NaN 
225 	  80 	 3.14 
NaN 	 NaN 	 NaN 
106 	  82 	 0.79 
193 	  84 	 -1.05 
230 	  84 	 -1.57 
223 	  88 	 -0.79 
172 	 101 	 0.52 
 60 	 106 	 1.05 
160 	 107 	 3.14 
NaN 	 NaN 	 NaN 
156 	 115 	 3.14 
221 	 117 	 -1.05 
210 	 127 	 -1.05 
 55 	 129 	 1.05 
238 	 131 	 2.09 
217 	 135 	 2.36 
153 	 142 	 3.14 
211 	 146 	 -0.79 
NaN 	 NaN 	 NaN 
NaN 	 NaN 	 NaN 
 51 	 149 	 1.05 
146 	 150 	 0.00 
152 	 150 	 3.14 
NaN 	 NaN 	 NaN 
 49 	 168 	 1.05 
113 	 172 	 -1.05 
 49 	 183 	 1.57 
NaN 	 NaN 	 NaN 
191 	 198 	 2.09 
192 	 204 	 -1.57 
205 	 216 	 -1.57 
 87 	 218 	 -2.36 
104 	 225 	 1.57 
142 	 226 	 -2.62 
188 	 227 	 1.05 
189 	 233 	 -1.05 
143 	 235 	 -2.09 
222 	 249 	 -1.57 
149 	 265 	 1.57 
142 	 273 	 -1.57 
------------------------------------------------------------------- 
Bifurcations : 
------------------------------------------------------------------- 
X          Y     Angle 1     Angle 2    Angle 3 
100 	  21 	 -2.62 	 	 NaN 	 	 0.00 
116 	  23 	 2.36 	 	 NaN 	 	 0.52 
207 	  26 	 3.14 	 	 0.79 	 	 -0.79 
213 	  30 	 2.62 	 	 -2.09 	 	 -0.52 
209 	  36 	 3.14 	 	 1.05 	 	 -0.52 
105 	  39 	 2.36 	 	 -2.36 	 	 0.00 
NaN 	 NaN 	 0.00 	 	 0.00 	 	 0.00 
135 	  85 	 3.14 	 	 1.57 	 	 0.52 
NaN 	 NaN 	 0.00 	 	 0.00 	 	 0.00 
270 	 108 	 2.09 	 	 -1.57 	 	 0.00 
197 	 124 	 2.62 	 	 1.05 	 	 0.00 
259 	 129 	 2.36 	 	 -1.57 	 	 0.52 
NaN 	 NaN 	 0.00 	 	 0.00 	 	 0.00 
268 	 134 	 3.14 	 	 1.05 	 	 -0.79 
NaN 	 NaN 	 0.00 	 	 0.00 	 	 0.00 
128 	 151 	 3.14 	 	 -2.09 	 	 0.52 
NaN 	 NaN 	 0.00 	 	 0.00 	 	 0.00 
 67 	 159 	 -2.36 	 	 2.09 	 	 0.00 
 91 	 160 	 3.14 	 	 -1.05 	 	 0.79 
161 	 161 	 3.14 	 	 2.09 	 	 -0.52 
 75 	 167 	 -2.62 	 	 1.05 	 	 0.00 
 81 	 169 	 2.62 	 	 -2.09 	 	 0.79 
131 	 172 	 -2.62 	 	 1.57 	 	 0.52 
NaN 	 NaN 	 0.00 	 	 0.00 	 	 0.00 
140 	 180 	 2.62 	 	 -2.36 	 	 -0.79 
 86 	 181 	 2.36 	 	 -2.09 	 	 0.52 
167 	 182 	 2.09 	 	 -1.57 	 	 0.52 
129 	 191 	 -2.36 	 	 0.79 	 	 0.52 
119 	 203 	 3.14 	 	 -2.36 	 	 1.05 
NaN 	 NaN 	 0.00 	 	 0.00 	 	 0.00 
269 	 206 	 3.14 	 	 1.05 	 	 -0.79 
 42 	 212 	 3.14 	 	 1.05 	 	 -0.79 
NaN 	 NaN 	 0.00 	 	 0.00 	 	 0.00 
NaN 	 NaN 	 0.00 	 	 0.00 	 	 0.00 
250 	 230 	 2.36 	 	 -2.09 	 	 0.00 
217 	 237 	 2.09 	 	 -2.09 	 	 -0.52 
 45 	 239 	 -2.36 	 	 1.57 	 	 0.00 
NaN 	 NaN 	 0.00 	 	 0.00 	 	 0.00 
 72 	 242 	 -2.36 	 	 1.05 	 	 0.00 
 80 	 242 	 3.14 	 	 -1.57 	 	 0.79 
 53 	 248 	 -2.36 	 	 1.05 	 	 0.52 
NaN 	 NaN 	 0.00 	 	 0.00 	 	 0.00 
239 	 253 	 2.36 	 	 -2.09 	 	 0.00 
 51 	 257 	 -2.62 	 	 1.05 	 	 0.00 
172 	 261 	 -2.36 	 	 1.57 	 	 -1.05 
104 	 269 	 2.62 	 	 -2.09 	 	 0.79 
124 	 273 	 -2.36 	 	 1.57 	 	 0.00 
130 	 275 	 2.36 	 	 -1.57 	 	 0.52 
212 	 283 	 3.14 	 	 1.05 	 	 -0.79 
222 	 283 	 2.36 	 	 -2.09 	 	 0.52 
135 	 285 	 3.14 	 	 -1.57 	 	 0.79 
157 	 287 	 -2.09 	 	 1.57 	 	 0.00 
187 	 287 	 -2.09 	 	 1.57 	 	 0.00 
