------------------------------------------------------------------- 
Name: 82 
Date: 2018-04-19 
Number of Terminations: 52 
Number of Bifurcations: 66 
------------------------------------------------------------------- 
------------------------------------------------------------------- 
Terminations : 
------------------------------------------------------------------- 
X          Y     Angle 
152 	  27 	 160.00 
 27 	 126 	 28.00 
216 	  44 	 210.00 
 54 	 263 	 58.00 
234 	  61 	 71.00 
 62 	 239 	 65.00 
264 	  65 	 170.00 
 70 	 184 	 82.00 
179 	  86 	 212.00 
 89 	  63 	 94.00 
 77 	 117 	 74.00 
123 	 204 	 124.00 
 57 	 129 	 187.00 
135 	 221 	 135.00 
146 	 138 	 56.00 
142 	 188 	 142.00 
181 	 144 	 259.00 
145 	 234 	 152.00 
251 	 152 	 236.00 
158 	 243 	 158.00 
253 	 158 	 222.00 
164 	 246 	 164.00 
158 	 172 	 147.00 
176 	 259 	 179.00 
194 	 181 	 233.00 
181 	 227 	 184.00 
 49 	 185 	 233.00 
187 	  45 	 199.00 
 45 	 206 	 217.00 
211 	  53 	 214.00 
127 	 220 	 220.00 
229 	 221 	 235.00 
223 	 241 	 196.00 
256 	 211 	 267.00 
165 	 276 	 ------------------------------------------------------------------- 
Bifurcations : 
------------------------------------------------------------------- 
X          Y     Angle 1     Angle 2    Angle 3 
227 	  13 	 163.00 	 	 18.00 	 	 126.00 
 22 	 236 	 23.00 	 	 206.00 	 	 24.00 
135 	  29 	 210.00 	 	 29.00 	 	 261.00 
 31 	 198 	 33.00 	 	 91.00 	 	 35.00 
138 	  38 	 177.00 	 	 42.00 	 	 237.00 
 46 	 137 	 48.00 	 	 264.00 	 	 48.00 
125 	  65 	 118.00 	 	 68.00 	 	 120.00 
 78 	 258 	 79.00 	 	 256.00 	 	 91.00 
150 	  94 	 81.00 	 	 97.00 	 	 118.00 
103 	 273 	 106.00 	 	 124.00 	 	 107.00 
 69 	 112 	 118.00 	 	 114.00 	 	 151.00 
124 	 161 	 126.00 	 	 107.00 	 	 141.00 
116 	 144 	 149.00 	 	 144.00 	 	 139.00 
153 	 164 	 159.00 	 	 181.00 	 	 165.00 
189 	 169 	 140.00 	 	 171.00 	 	 262.00 
172 	  74 	 174.00 	 	 152.00 	 	 182.00 
179 	 183 	 178.00 	 	 189.00 	 	 85.00 
190 	 128 	 191.00 	 	 193.00 	 	 194.00 
144 	 199 	 270.00 	 	 201.00 	 	 256.00 
203 	  59 	 205.00 	 	 117.00 	 	 205.00 
136 	 210 	 158.00 	 	 216.00 	 	 152.00 
222 	  82 	 235.00 	 	 74.00 	 	 236.00 
 87 	 239 	 55.00 	 	 245.00 	 	 50.00 
250 	  62 	 256.00 	 	 92.00 	 	 256.00 
100 	 263 	 97.00 	 	 269.00 	 	 106.00 
269 	 239 	 272.00 	 	 138.00 	 	 275.00 
182 	 286 	 