------------------------------------------------------------------- 
Name: 83 
Date: 2018-04-19 
Number of Terminations: 59 
Number of Bifurcations: 65 
------------------------------------------------------------------- 
------------------------------------------------------------------- 
Terminations : 
------------------------------------------------------------------- 
X          Y     Angle 
 68 	  26 	 234.00 
 29 	 214 	 31.00 
 67 	  33 	 238.00 
 34 	 251 	 37.00 
135 	  39 	 233.00 
 57 	  77 	 61.00 
163 	  64 	 169.00 
 64 	 142 	 67.00 
237 	  71 	 151.00 
 73 	 204 	 73.00 
173 	  74 	 210.00 
 75 	 234 	 77.00 
240 	  77 	 169.00 
 80 	  68 	 86.00 
188 	  88 	 198.00 
 94 	 227 	 101.00 
253 	 106 	 61.00 
109 	 220 	 111.00 
219 	 120 	 221.00 
126 	 206 	 130.00 
 56 	 134 	 226.00 
134 	 228 	 140.00 
190 	 141 	 54.00 
149 	  55 	 163.00 
215 	 164 	 85.00 
166 	 115 	 166.00 
201 	 168 	 81.00 
171 	  56 	 173.00 
203 	 176 	 92.00 
180 	 110 	 188.00 
197 	 190 	 55.00 
191 	 151 	 191.00 
 60 	 197 	 198.00 
197 	 192 	 198.00 
157 	 206 	 232.00 
221 	  47 	 223.00 
167 	 225 	 233.00 
228 	 156 	 229.00 
203 	 241 	 176.00 
258 	 ------------------------------------------------------------------- 
Bifurcations : 
------------------------------------------------------------------- 
X          Y     Angle 1     Angle 2    Angle 3 
144 	  23 	 119.00 	 	 24.00 	 	 180.00 
 28 	  89 	 37.00 	 	 103.00 	 	 39.00 
227 	  46 	 89.00 	 	 49.00 	 	 253.00 
 49 	 140 	 52.00 	 	 262.00 	 	 54.00 
192 	  58 	 202.00 	 	 62.00 	 	 254.00 
 70 	 138 	 74.00 	 	 266.00 	 	 74.00 
180 	  75 	 129.00 	 	 77.00 	 	 103.00 
 84 	 115 	 86.00 	 	 256.00 	 	 98.00 
127 	 100 	 97.00 	 	 113.00 	 	 109.00 
114 	  67 	 115.00 	 	 184.00 	 	 115.00 
145 	 123 	 71.00 	 	 128.00 	 	 268.00 
128 	  76 	 149.00 	 	 98.00 	 	 150.00 
127 	 155 	 177.00 	 	 169.00 	 	 104.00 
171 	 123 	 183.00 	 	 272.00 	 	 189.00 
267 	 203 	 174.00 	 	 206.00 	 	 148.00 
209 	 191 	 210.00 	 	 174.00 	 	 212.00 
 54 	 213 	 60.00 	 	 216.00 	 	 80.00 
220 	 249 	 222.00 	 	 158.00 	 	 223.00 
180 	 227 	 205.00 	 	 229.00 	 	 254.00 
232 	  72 	 233.00 	 	 78.00 	 	 237.00 
161 	 238 	 213.00 	 	 240.00 	 	 44.00 
244 	 178 	 244.00 	 	 186.00 	 	 247.00 
195 	 250 	 73.00 	 	 254.00 	 	 248.00 
256 	 238 	 257.00 	 	 235.00 	 	 267.00 
241 	 267 	 112.00 	 	 271.00 	 	 130.00 
278 	 145 	 279.00 	 	 156.00 	 	 284.00 
