------------------------------------------------------------------- 
Name: 84 
Date: 2018-04-19 
Number of Terminations: 83 
Number of Bifurcations: 57 
------------------------------------------------------------------- 
------------------------------------------------------------------- 
Terminations : 
------------------------------------------------------------------- 
X          Y     Angle 
 70 	  20 	 2.36 
166 	  26 	 0.00 
202 	  27 	 3.14 
159 	  28 	 -2.62 
NaN 	 NaN 	 NaN 
NaN 	 NaN 	 NaN 
209 	  30 	 -0.52 
NaN 	 NaN 	 NaN 
177 	  34 	 3.14 
184 	  34 	 0.00 
193 	  36 	 2.62 
199 	  36 	 -0.52 
254 	  46 	 1.57 
261 	  48 	 -0.79 
174 	  50 	 2.62 
246 	  52 	 2.62 
 73 	  56 	 1.05 
207 	  56 	 3.14 
NaN 	 NaN 	 NaN 
213 	  58 	 -0.79 
NaN 	 NaN 	 NaN 
 87 	  62 	 0.52 
 71 	  67 	 0.79 
 81 	  69 	 -2.36 
209 	  74 	 2.62 
255 	  78 	 2.09 
 69 	  82 	 1.05 
112 	  83 	 1.05 
231 	  83 	 -0.52 
182 	  87 	 -2.62 
225 	  87 	 2.09 
NaN 	 NaN 	 NaN 
165 	  96 	 3.14 
237 	  98 	 2.36 
144 	 100 	 0.52 
204 	 103 	 2.62 
NaN 	 NaN 	 NaN 
 60 	 106 	 1.05 
211 	 106 	 -1.05 
203 	 109 	 -1.57 
165 	 114 	 3.14 
108 	 115 	 0.52 
123 	 126 	 0.52 
 76 	 129 	 1.57 
252 	 129 	 2.09 
 54 	 130 	 1.05 
118 	 130 	 -2.62 
205 	 131 	 0.00 
228 	 132 	 1.57 
 72 	 134 	 -2.09 
169 	 142 	 0.00 
223 	 142 	 -0.79 
180 	 144 	 3.14 
262 	 152 	 -0.52 
 50 	 154 	 1.05 
163 	 159 	 3.14 
211 	 163 	 2.36 
 48 	 174 	 1.05 
 91 	 181 	 1.05 
 52 	 184 	 1.57 
208 	 186 	 2.09 
233 	 187 	 2.36 
235 	 194 	 -1.05 
 51 	 201 	 0.79 
 92 	 202 	 0.79 
207 	 202 	 -1.57 
 88 	 208 	 -2.09 
208 	 209 	 2.09 
 64 	 212 	 1.05 
228 	 212 	 2.36 
222 	 213 	 -1.57 
 99 	 218 	 -2.09 
231 	 218 	 -1.57 
159 	 221 	 1.05 
205 	 224 	 1.57 
117 	 225 	 1.05 
NaN 	 NaN 	 NaN 
157 	 227 	 -2.62 
173 	 229 	 -1.57 
206 	 230 	 -1.57 
159 	 236 	 -2.09 
166 	 264 	 1.57 
161 	 272 	 -2.09 
------------------------------------------------------------------- 
Bifurcations : 
------------------------------------------------------------------- 
X          Y     Angle 1     Angle 2    Angle 3 
197 	  18 	 2.62 	 	 NaN 	 	 0.00 
NaN 	 NaN 	 0.00 	 	 NaN 	 	 0.00 
 90 	  28 	 -2.36 	 	 NaN 	 	 -0.79 
156 	  40 	 -2.62 	 	 1.05 	 	 -0.52 
 84 	  44 	 -2.62 	 	 0.79 	 	 -0.79 
 89 	  49 	 2.36 	 	 -2.09 	 	 0.52 
130 	  56 	 -2.62 	 	 -2.09 	 	 0.00 
100 	  61 	 -2.62 	 	 1.05 	 	 -0.79 
NaN 	 NaN 	 0.00 	 	 0.00 	 	 0.00 
268 	  87 	 2.36 	 	 -2.09 	 	 0.52 
NaN 	 NaN 	 0.00 	 	 0.00 	 	 0.00 
NaN 	 NaN 	 0.00 	 	 0.00 	 	 0.00 
NaN 	 NaN 	 0.00 	 	 0.00 	 	 0.00 
118 	 119 	 -2.62 	 	 1.57 	 	 0.00 
273 	 120 	 2.09 	 	 -1.57 	 	 0.00 
207 	 121 	 2.62 	 	 1.05 	 	 0.00 
NaN 	 NaN 	 0.00 	 	 0.00 	 	 0.00 
260 	 124 	 2.62 	 	 0.79 	 	 -0.79 
NaN 	 NaN 	 0.00 	 	 0.00 	 	 0.00 
117 	 143 	 3.14 	 	 -1.57 	 	 0.52 
130 	 144 	 3.14 	 	 -1.57 	 	 0.00 
NaN 	 NaN 	 0.00 	 	 0.00 	 	 0.00 
125 	 148 	 -2.36 	 	 1.57 	 	 0.00 
274 	 153 	 3.14 	 	 -1.57 	 	 0.52 
NaN 	 NaN 	 0.00 	 	 0.00 	 	 0.00 
149 	 158 	 3.14 	 	 -2.09 	 	 0.52 
102 	 159 	 3.14 	 	 1.05 	 	 -1.05 
271 	 162 	 3.14 	 	 -1.57 	 	 1.05 
 77 	 163 	 -2.36 	 	 2.09 	 	 0.52 
177 	 164 	 3.14 	 	 1.57 	 	 -0.52 
136 	 174 	 -2.36 	 	 0.52 	 	 -0.79 
NaN 	 NaN 	 0.00 	 	 0.00 	 	 0.00 
NaN 	 NaN 	 0.00 	 	 0.00 	 	 0.00 
113 	 187 	 3.14 	 	 -2.09 	 	 1.05 
NaN 	 NaN 	 0.00 	 	 0.00 	 	 0.00 
268 	 197 	 3.14 	 	 1.05 	 	 -0.79 
149 	 198 	 -2.36 	 	 2.09 	 	 0.52 
270 	 206 	 3.14 	 	 1.05 	 	 -0.79 
NaN 	 NaN 	 0.00 	 	 0.00 	 	 0.00 
254 	 213 	 2.09 	 	 -1.57 	 	 0.00 
NaN 	 NaN 	 0.00 	 	 0.00 	 	 0.00 
256 	 220 	 3.14 	 	 1.57 	 	 -0.79 
 57 	 221 	 2.09 	 	 -1.57 	 	 0.52 
NaN 	 NaN 	 0.00 	 	 0.00 	 	 0.00 
NaN 	 NaN 	 0.00 	 	 0.00 	 	 0.00 
237 	 237 	 -2.62 	 	 2.09 	 	 -1.05 
NaN 	 NaN 	 0.00 	 	 0.00 	 	 0.00 
 44 	 239 	 2.62 	 	 -1.05 	 	 0.79 
NaN 	 NaN 	 0.00 	 	 0.00 	 	 0.00 
249 	 244 	 2.36 	 	 -1.57 	 	 0.00 
 50 	 247 	 -2.36 	 	 2.09 	 	 0.00 
250 	 250 	 3.14 	 	 1.57 	 	 -1.05 
NaN 	 NaN 	 0.00 	 	 0.00 	 	 0.00 
181 	 253 	 2.09 	 	 -2.09 	 	 0.79 
NaN 	 NaN 	 0.00 	 	 0.00 	 	 0.00 
190 	 261 	 -2.36 	 	 1.57 	 	 -0.79 
197 	 281 	 -2.36 	 	 1.05 	 	 -0.79 
