------------------------------------------------------------------- 
Name: 85 
Date: 2018-04-19 
Number of Terminations: 88 
Number of Bifurcations: 47 
------------------------------------------------------------------- 
------------------------------------------------------------------- 
Terminations : 
------------------------------------------------------------------- 
X          Y     Angle 
232 	  12 	 2.62 
 89 	  13 	 1.05 
NaN 	 NaN 	 NaN 
255 	  21 	 0.79 
 87 	  23 	 0.79 
154 	  25 	 3.14 
160 	  25 	 0.00 
216 	  25 	 2.36 
175 	  27 	 0.00 
NaN 	 NaN 	 NaN 
223 	  28 	 -1.57 
219 	  40 	 2.36 
175 	  41 	 -2.09 
225 	  44 	 -1.57 
183 	  46 	 3.14 
258 	  51 	 -0.52 
202 	  56 	 2.36 
262 	  56 	 2.09 
 74 	  57 	 1.05 
170 	  61 	 2.62 
176 	  61 	 0.00 
191 	  67 	 -0.79 
256 	  68 	 2.36 
209 	  71 	 -0.79 
 70 	  73 	 0.79 
 92 	  74 	 0.52 
268 	  75 	 3.14 
179 	  79 	 -1.05 
171 	  80 	 0.52 
NaN 	 NaN 	 NaN 
 66 	  92 	 1.05 
275 	  93 	 -0.52 
264 	  95 	 2.09 
NaN 	 NaN 	 NaN 
200 	 102 	 2.62 
146 	 103 	 -2.62 
163 	 107 	 2.62 
207 	 109 	 -0.52 
174 	 111 	 0.00 
200 	 111 	 -0.79 
208 	 120 	 2.09 
143 	 121 	 -2.62 
NaN 	 NaN 	 NaN 
 58 	 128 	 1.05 
239 	 129 	 2.09 
144 	 130 	 3.14 
150 	 130 	 0.00 
161 	 132 	 3.14 
225 	 132 	 2.09 
235 	 134 	 1.57 
138 	 138 	 0.00 
144 	 138 	 3.14 
230 	 138 	 -1.05 
NaN 	 NaN 	 NaN 
244 	 143 	 2.09 
 56 	 145 	 1.05 
143 	 146 	 3.14 
191 	 150 	 2.36 
246 	 150 	 -1.05 
236 	 151 	 1.57 
 54 	 154 	 0.79 
240 	 156 	 -1.57 
245 	 168 	 2.09 
 71 	 170 	 1.05 
 51 	 173 	 0.79 
248 	 174 	 -1.57 
 53 	 184 	 0.79 
241 	 184 	 -0.79 
186 	 188 	 -1.57 
 72 	 190 	 0.79 
 51 	 199 	 0.79 
200 	 200 	 -1.57 
 79 	 205 	 -2.09 
196 	 205 	 2.09 
209 	 205 	 -1.57 
249 	 205 	 1.57 
 45 	 208 	 -2.62 
184 	 209 	 2.09 
 51 	 210 	 0.00 
197 	 211 	 -1.57 
 97 	 213 	 1.05 
136 	 213 	 -2.62 
205 	 222 	 -1.57 
 45 	 229 	 -0.79 
145 	 249 	 1.57 
192 	 261 	 -1.57 
NaN 	 NaN 	 NaN 
NaN 	 NaN 	 NaN 
------------------------------------------------------------------- 
Bifurcations : 
------------------------------------------------------------------- 
X          Y     Angle 1     Angle 2    Angle 3 
103 	  22 	 -2.62 	 	 NaN 	 	 0.52 
NaN 	 NaN 	 0.00 	 	 NaN 	 	 0.00 
161 	  79 	 3.14 	 	 NaN 	 	 -0.52 
NaN 	 NaN 	 0.00 	 	 0.00 	 	 0.00 
278 	 102 	 2.62 	 	 -2.36 	 	 0.00 
104 	 106 	 3.14 	 	 -1.57 	 	 0.79 
 98 	 110 	 -2.36 	 	 1.05 	 	 -0.52 
NaN 	 NaN 	 0.00 	 	 0.00 	 	 0.00 
 68 	 114 	 -2.36 	 	 2.09 	 	 0.52 
NaN 	 NaN 	 0.00 	 	 0.00 	 	 0.00 
NaN 	 NaN 	 0.00 	 	 0.00 	 	 0.00 
127 	 147 	 -2.62 	 	 -2.09 	 	 0.00 
106 	 150 	 3.14 	 	 -1.57 	 	 0.79 
157 	 150 	 2.62 	 	 1.57 	 	 -0.52 
NaN 	 NaN 	 0.00 	 	 0.00 	 	 0.00 
NaN 	 NaN 	 0.00 	 	 0.00 	 	 0.00 
126 	 160 	 2.36 	 	 -2.36 	 	 0.52 
134 	 169 	 -2.62 	 	 1.57 	 	 -0.52 
271 	 181 	 3.14 	 	 -1.57 	 	 0.79 
261 	 182 	 2.09 	 	 -1.57 	 	 0.00 
100 	 183 	 3.14 	 	 -2.36 	 	 1.05 
266 	 189 	 2.62 	 	 -1.57 	 	 0.79 
112 	 191 	 -2.09 	 	 1.05 	 	 0.79 
138 	 191 	 3.14 	 	 -1.05 	 	 0.00 
 71 	 203 	 2.36 	 	 -1.57 	 	 0.00 
NaN 	 NaN 	 0.00 	 	 0.00 	 	 0.00 
270 	 204 	 3.14 	 	 1.57 	 	 -1.05 
NaN 	 NaN 	 0.00 	 	 0.00 	 	 0.00 
NaN 	 NaN 	 0.00 	 	 0.00 	 	 0.00 
NaN 	 NaN 	 0.00 	 	 0.00 	 	 0.00 
 59 	 236 	 3.14 	 	 -1.57 	 	 0.79 
NaN 	 NaN 	 0.00 	 	 0.00 	 	 0.00 
112 	 238 	 3.14 	 	 -2.36 	 	 1.05 
 49 	 246 	 -2.36 	 	 2.09 	 	 0.00 
168 	 246 	 -2.36 	 	 1.57 	 	 -0.79 
193 	 248 	 -2.09 	 	 1.05 	 	 -1.05 
 66 	 249 	 -2.36 	 	 1.05 	 	 -0.52 
 72 	 256 	 2.36 	 	 -1.57 	 	 0.52 
NaN 	 NaN 	 0.00 	 	 0.00 	 	 0.00 
201 	 259 	 -2.36 	 	 1.57 	 	 -1.05 
NaN 	 NaN 	 0.00 	 	 0.00 	 	 0.00 
NaN 	 NaN 	 0.00 	 	 0.00 	 	 0.00 
212 	 272 	 2.36 	 	 -2.09 	 	 0.52 
NaN 	 NaN 	 0.00 	 	 0.00 	 	 0.00 
205 	 280 	 2.09 	 	 -2.09 	 	 0.00 
161 	 282 	 -2.36 	 	 2.09 	 	 0.52 
218 	 284 	 2.09 	 	 -2.09 	 	 0.00 
