------------------------------------------------------------------- 
Name: 86 
Date: 2018-04-19 
Number of Terminations: 96 
Number of Bifurcations: 52 
------------------------------------------------------------------- 
------------------------------------------------------------------- 
Terminations : 
------------------------------------------------------------------- 
X          Y     Angle 
229 	  12 	 94.00 
 14 	 233 	 17.00 
156 	  22 	 171.00 
 22 	 238 	 23.00 
259 	  28 	 188.00 
 29 	 194 	 32.00 
115 	  38 	 72.00 
 42 	 239 	 45.00 
259 	  46 	 85.00 
 50 	  91 	 51.00 
211 	  58 	 253.00 
 61 	  80 	 63.00 
263 	  63 	 141.00 
 64 	 214 	 72.00 
150 	  74 	 186.00 
 76 	 218 	 77.00 
212 	  79 	 139.00 
 80 	 146 	 80.00 
159 	  84 	 165.00 
 88 	 135 	 97.00 
141 	  98 	 142.00 
106 	 257 	 106.00 
 60 	 108 	 196.00 
112 	 274 	 112.00 
 62 	 115 	 93.00 
116 	 255 	 121.00 
236 	 124 	 181.00 
129 	 260 	 131.00 
133 	 132 	 175.00 
132 	 139 	 133.00 
 97 	 135 	 231.00 
135 	  52 	 139.00 
234 	 142 	 101.00 
145 	 141 	 148.00 
 96 	 149 	 52.00 
153 	 259 	 160.00 
 84 	 165 	 176.00 
166 	  50 	 170.00 
246 	 179 	 72.00 
181 	 139 	 183.00 
199 	 184 	 49.00 
186 	 251 	 187.00 
135 	 188 	 172.00 
188 	 259 	 188.00 
208 	 190 	 241.00 
191 	 245 	 196.00 
187 	 197 	 52.00 
198 	 167 	 200.00 
188 	 203 	 245.00 
203 	  48 	 204.00 
221 	 207 	 238.00 
207 	 188 	 210.00 
248 	 211 	 223.00 
213 	 230 	 215.00 
239 	 215 	 234.00 
220 	 135 	 227.00 
159 	 229 	 174.00 
230 	 129 	 235.00 
158 	 235 	 221.00 
236 	 246 	 236.00 
188 	 241 	 223.00 
242 	 155 	 256.00 
214 	 258 	 220.00 
263 	 195 	 277.00 
------------------------------------------------------------------- 
Bifurcations : 
------------------------------------------------------------------- 
X          Y     Angle 1     Angle 2    Angle 3 
 99 	  31 	 158.00 	 	 39.00 	 	 100.00 
 51 	 220 	 68.00 	 	 110.00 	 	 74.00 
264 	  78 	 94.00 	 	 84.00 	 	 104.00 
 98 	  82 	 104.00 	 	 120.00 	 	 121.00 
 73 	 124 	 97.00 	 	 124.00 	 	 92.00 
129 	  62 	 137.00 	 	 126.00 	 	 154.00 
132 	 157 	 270.00 	 	 162.00 	 	 198.00 
164 	 103 	 166.00 	 	 82.00 	 	 171.00 
134 	 194 	 91.00 	 	 197.00 	 	 69.00 
203 	 159 	 203.00 	 	 116.00 	 	 204.00 
267 	 206 	 74.00 	 	 207.00 	 	 257.00 
207 	 159 	 209.00 	 	 112.00 	 	 215.00 
168 	 216 	 270.00 	 	 216.00 	 	 135.00 
221 	  62 	 222.00 	 	 50.00 	 	 227.00 
 57 	 229 	 255.00 	 	 232.00 	 	 259.00 
241 	  59 	 243.00 	 	 164.00 	 	 243.00 
 49 	 247 	 46.00 	 	 257.00 	 	 60.00 
257 	 129 	 257.00 	 	 245.00 	 	 260.00 
 67 	 262 	 81.00 	 	 264.00 	 	 235.00 
266 	  96 	 271.00 	 	 163.00 	 	 272.00 
208 	 279 	 179.00 	 	 280.00 	 	 