------------------------------------------------------------------- 
Name: 87 
Date: 2018-04-19 
Number of Terminations: 87 
Number of Bifurcations: 51 
------------------------------------------------------------------- 
------------------------------------------------------------------- 
Terminations : 
------------------------------------------------------------------- 
X          Y     Angle 
NaN 	 NaN 	 NaN 
NaN 	 NaN 	 NaN 
163 	  24 	 3.14 
169 	  24 	 -0.52 
NaN 	 NaN 	 NaN 
 91 	  31 	 0.52 
198 	  31 	 0.00 
167 	  32 	 3.14 
NaN 	 NaN 	 NaN 
173 	  33 	 0.00 
233 	  39 	 2.62 
238 	  44 	 -0.79 
243 	  51 	 2.09 
 78 	  52 	 0.79 
234 	  54 	 2.36 
194 	  56 	 2.62 
 87 	  57 	 0.52 
201 	  58 	 -0.79 
240 	  58 	 -1.57 
 75 	  64 	 1.05 
121 	  64 	 3.14 
195 	  72 	 3.14 
249 	  72 	 2.09 
 96 	  74 	 0.52 
 72 	  75 	 0.52 
167 	  75 	 2.62 
173 	  75 	 -0.52 
129 	  76 	 0.52 
201 	  76 	 -1.05 
182 	  79 	 1.57 
NaN 	 NaN 	 NaN 
267 	  85 	 1.05 
249 	  87 	 1.57 
145 	  89 	 0.00 
 66 	  91 	 -0.52 
191 	  91 	 0.00 
254 	  92 	 -1.05 
257 	  98 	 2.09 
228 	 103 	 -1.05 
222 	 104 	 2.62 
154 	 105 	 -0.52 
187 	 105 	 -0.52 
259 	 114 	 2.36 
 58 	 115 	 1.05 
185 	 118 	 2.62 
146 	 120 	 3.14 
139 	 128 	 -0.52 
214 	 128 	 2.09 
174 	 130 	 -0.52 
163 	 131 	 3.14 
134 	 132 	 3.14 
 53 	 135 	 1.05 
207 	 136 	 -0.52 
246 	 137 	 -1.57 
232 	 142 	 2.09 
236 	 147 	 -1.05 
248 	 150 	 -0.52 
NaN 	 NaN 	 NaN 
 69 	 165 	 1.05 
 49 	 171 	 0.79 
 69 	 184 	 0.79 
218 	 184 	 -1.57 
NaN 	 NaN 	 NaN 
112 	 189 	 -1.57 
 64 	 191 	 -2.36 
 48 	 195 	 0.52 
136 	 198 	 1.57 
203 	 200 	 -1.57 
209 	 200 	 2.09 
 93 	 203 	 1.05 
135 	 204 	 3.14 
184 	 206 	 1.57 
NaN 	 NaN 	 NaN 
 46 	 207 	 0.52 
134 	 211 	 -1.57 
185 	 212 	 -1.57 
207 	 234 	 1.57 
152 	 237 	 -2.09 
 43 	 238 	 -1.57 
140 	 240 	 1.57 
207 	 240 	 -1.05 
221 	 240 	 1.57 
200 	 243 	 -1.57 
168 	 244 	 2.09 
NaN 	 NaN 	 NaN 
222 	 246 	 -1.57 
160 	 269 	 1.05 
------------------------------------------------------------------- 
Bifurcations : 
------------------------------------------------------------------- 
X          Y     Angle 1     Angle 2    Angle 3 
203 	  15 	 3.14 	 	 NaN 	 	 -0.52 
110 	  19 	 2.36 	 	 NaN 	 	 0.52 
103 	  23 	 3.14 	 	 NaN 	 	 0.52 
NaN 	 NaN 	 0.00 	 	 NaN 	 	 0.00 
NaN 	 NaN 	 0.00 	 	 NaN 	 	 0.00 
NaN 	 NaN 	 0.00 	 	 0.00 	 	 0.00 
263 	  67 	 3.14 	 	 -1.57 	 	 0.79 
207 	  70 	 2.62 	 	 2.09 	 	 -0.52 
269 	  70 	 -2.62 	 	 -2.09 	 	 0.52 
271 	  79 	 3.14 	 	 -2.09 	 	 0.00 
116 	  80 	 3.14 	 	 1.05 	 	 0.00 
 91 	  82 	 3.14 	 	 -2.09 	 	 0.79 
167 	  83 	 3.14 	 	 0.79 	 	 -0.52 
 85 	  86 	 -2.36 	 	 1.57 	 	 0.00 
102 	  87 	 -2.62 	 	 1.57 	 	 0.52 
118 	  89 	 3.14 	 	 1.57 	 	 0.52 
268 	  95 	 2.36 	 	 -1.57 	 	 0.52 
124 	 107 	 -2.62 	 	 1.57 	 	 0.52 
193 	 114 	 3.14 	 	 1.05 	 	 -0.79 
273 	 131 	 3.14 	 	 2.09 	 	 0.00 
118 	 137 	 2.62 	 	 -1.57 	 	 0.79 
NaN 	 NaN 	 0.00 	 	 0.00 	 	 0.00 
129 	 142 	 3.14 	 	 -2.09 	 	 0.52 
NaN 	 NaN 	 0.00 	 	 0.00 	 	 0.00 
 80 	 146 	 3.14 	 	 -1.57 	 	 0.79 
 97 	 162 	 -2.09 	 	 1.57 	 	 0.00 
NaN 	 NaN 	 0.00 	 	 0.00 	 	 0.00 
NaN 	 NaN 	 0.00 	 	 0.00 	 	 0.00 
NaN 	 NaN 	 0.00 	 	 0.00 	 	 0.00 
NaN 	 NaN 	 0.00 	 	 0.00 	 	 0.00 
NaN 	 NaN 	 0.00 	 	 0.00 	 	 0.00 
267 	 201 	 3.14 	 	 1.05 	 	 -0.79 
 56 	 214 	 -2.36 	 	 1.57 	 	 -0.79 
 61 	 218 	 2.62 	 	 -1.57 	 	 0.79 
NaN 	 NaN 	 0.00 	 	 0.00 	 	 0.00 
NaN 	 NaN 	 0.00 	 	 0.00 	 	 0.00 
NaN 	 NaN 	 0.00 	 	 0.00 	 	 0.00 
146 	 247 	 3.14 	 	 -2.36 	 	 1.05 
 44 	 250 	 2.09 	 	 -1.57 	 	 0.79 
 56 	 255 	 -2.36 	 	 1.57 	 	 0.00 
 62 	 255 	 3.14 	 	 1.05 	 	 0.00 
NaN 	 NaN 	 0.00 	 	 0.00 	 	 0.00 
NaN 	 NaN 	 0.00 	 	 0.00 	 	 0.00 
NaN 	 NaN 	 0.00 	 	 0.00 	 	 0.00 
 44 	 258 	 -2.36 	 	 1.57 	 	 0.00 
171 	 258 	 3.14 	 	 1.05 	 	 -0.79 
 86 	 267 	 -2.36 	 	 1.05 	 	 0.00 
106 	 269 	 -2.36 	 	 1.05 	 	 -0.79 
113 	 273 	 3.14 	 	 -1.57 	 	 0.79 
 95 	 274 	 2.36 	 	 -2.09 	 	 0.52 
165 	 290 	 -2.36 	 	 1.57 	 	 0.00 
