------------------------------------------------------------------- 
Name: 88 
Date: 2018-04-19 
Number of Terminations: 85 
Number of Bifurcations: 55 
------------------------------------------------------------------- 
------------------------------------------------------------------- 
Terminations : 
------------------------------------------------------------------- 
X          Y     Angle 
 87 	  12 	 171.00 
 12 	 178 	 13.00 
100 	  18 	 127.00 
 21 	 196 	 21.00 
121 	  23 	 201.00 
 25 	  67 	 28.00 
188 	  28 	 220.00 
 28 	 254 	 28.00 
194 	  30 	 210.00 
 30 	  89 	 31.00 
225 	  33 	 214.00 
 35 	 259 	 35.00 
204 	  45 	 253.00 
 45 	  74 	 47.00 
160 	  48 	 142.00 
 50 	 136 	 51.00 
234 	  53 	 184.00 
 54 	 247 	 54.00 
161 	  57 	 146.00 
 58 	 154 	 58.00 
254 	  58 	 240.00 
 59 	 176 	 60.00 
216 	  60 	 70.00 
 64 	 222 	 64.00 
 97 	  65 	 91.00 
 67 	  68 	 75.00 
126 	  75 	 253.00 
 75 	 205 	 76.00 
260 	  82 	 79.00 
 83 	 229 	 86.00 
 60 	  95 	 262.00 
 98 	 183 	 100.00 
 91 	 101 	 189.00 
101 	 103 	 104.00 
176 	 105 	 59.00 
107 	 205 	 107.00 
234 	 107 	 238.00 
112 	 184 	 128.00 
 52 	 130 	 244.00 
136 	 138 	 138.00 
145 	 138 	 249.00 
142 	 220 	 143.00 
132 	 147 	 195.00 
147 	  99 	 148.00 
174 	 151 	 47.00 
153 	 179 	 155.00 
203 	 156 	 232.00 
160 	 143 	 164.00 
176 	 164 	 196.00 
166 	  44 	 172.00 
188 	 178 	 157.00 
179 	 239 	 181.00 
184 	 185 	 243.00 
186 	 172 	 192.00 
189 	 193 	 167.00 
196 	 131 	 247.00 
132 	 254 	 ------------------------------------------------------------------- 
Bifurcations : 
------------------------------------------------------------------- 
X          Y     Angle 1     Angle 2    Angle 3 
109 	  16 	 125.00 	 	 54.00 	 	 210.00 
 55 	 275 	 101.00 	 	 275.00 	 	 112.00 
111 	 121 	 261.00 	 	 130.00 	 	 254.00 
137 	  94 	 140.00 	 	 156.00 	 	 141.00 
259 	 146 	 130.00 	 	 157.00 	 	 253.00 
164 	 108 	 165.00 	 	 101.00 	 	 170.00 
113 	 174 	 54.00 	 	 177.00 	 	 77.00 
179 	 135 	 180.00 	 	 111.00 	 	 186.00 
255 	 186 	 41.00 	 	 192.00 	 	 66.00 
192 	 151 	 198.00 	 	 47.00 	 	 203.00 
270 	 203 	 54.00 	 	 207.00 	 	 255.00 
211 	 150 	 213.00 	 	 192.00 	 	 215.00 
162 	 218 	 156.00 	 	 224.00 	 	 136.00 
228 	 158 	 230.00 	 	 167.00 	 	 230.00 
252 	 231 	 80.00 	 	 236.00 	 	 151.00 
236 	  48 	 239.00 	 	 105.00 	 	 241.00 
113 	 242 	 89.00 	 	 245.00 	 	 70.00 
247 	 145 	 247.00 	 	 76.00 	 	 249.00 
110 	 249 	 116.00 	 	 251.00 	 	 208.00 
258 	  73 	 262.00 	 	 144.00 	 	 269.00 
229 	 269 	 108.00 	 	 273.00 	 	 114.00 
274 	 163 	 281.00 	 	 213.00 	 	 283.00 
