------------------------------------------------------------------- 
Name: 89 
Date: 2018-04-19 
Number of Terminations: 63 
Number of Bifurcations: 57 
------------------------------------------------------------------- 
------------------------------------------------------------------- 
Terminations : 
------------------------------------------------------------------- 
X          Y     Angle 
149 	  17 	 -2.09 
NaN 	 NaN 	 NaN 
260 	  28 	 0.52 
129 	  36 	 -2.36 
253 	  36 	 -2.36 
180 	  37 	 3.14 
222 	  37 	 2.62 
NaN 	 NaN 	 NaN 
207 	  46 	 -0.79 
220 	  52 	 2.62 
 66 	  57 	 1.57 
223 	  59 	 -1.57 
215 	  60 	 2.36 
267 	  61 	 0.00 
125 	  69 	 0.52 
234 	  72 	 2.62 
121 	  74 	 -2.36 
238 	  77 	 -1.05 
151 	  85 	 0.52 
196 	  87 	 2.62 
 61 	  89 	 -2.09 
146 	  89 	 -2.36 
226 	  91 	 2.09 
230 	  96 	 0.00 
244 	  98 	 2.36 
223 	  99 	 2.09 
248 	 104 	 -1.05 
219 	 106 	 2.36 
171 	 107 	 -2.09 
 56 	 108 	 1.57 
227 	 119 	 -0.79 
 94 	 124 	 -2.09 
211 	 125 	 -1.57 
179 	 130 	 0.00 
186 	 130 	 3.14 
 52 	 132 	 1.57 
192 	 133 	 -1.05 
107 	 137 	 -2.09 
155 	 141 	 0.79 
 96 	 145 	 1.05 
227 	 149 	 1.57 
NaN 	 NaN 	 NaN 
231 	 154 	 -1.57 
 46 	 156 	 1.05 
NaN 	 NaN 	 NaN 
203 	 158 	 -1.05 
242 	 158 	 2.09 
247 	 164 	 -1.57 
 47 	 167 	 1.05 
 46 	 180 	 1.05 
 48 	 193 	 0.79 
NaN 	 NaN 	 NaN 
161 	 199 	 -2.09 
NaN 	 NaN 	 NaN 
NaN 	 NaN 	 NaN 
159 	 210 	 -1.57 
155 	 216 	 0.79 
 48 	 217 	 0.79 
127 	 222 	 -2.09 
 48 	 229 	 0.79 
206 	 231 	 -1.05 
206 	 253 	 1.05 
213 	 265 	 1.05 
------------------------------------------------------------------- 
Bifurcations : 
------------------------------------------------------------------- 
X          Y     Angle 1     Angle 2    Angle 3 
120 	  26 	 2.36 	 	 NaN 	 	 0.52 
210 	  32 	 2.62 	 	 NaN 	 	 0.00 
235 	  35 	 2.62 	 	 1.05 	 	 -0.79 
 78 	  37 	 -2.36 	 	 1.05 	 	 -0.52 
208 	  38 	 3.14 	 	 1.05 	 	 -0.52 
NaN 	 NaN 	 0.00 	 	 0.00 	 	 0.00 
271 	  42 	 2.62 	 	 -2.36 	 	 0.00 
NaN 	 NaN 	 0.00 	 	 0.00 	 	 0.00 
174 	  43 	 -2.62 	 	 1.57 	 	 0.00 
 71 	  50 	 -2.36 	 	 1.57 	 	 0.00 
242 	  60 	 2.36 	 	 -1.05 	 	 0.79 
253 	  66 	 3.14 	 	 1.05 	 	 -0.79 
 65 	  72 	 -2.36 	 	 1.57 	 	 0.00 
272 	  72 	 3.14 	 	 1.57 	 	 0.52 
259 	  73 	 2.36 	 	 -1.05 	 	 0.00 
258 	  81 	 3.14 	 	 1.05 	 	 -0.79 
135 	  85 	 -2.62 	 	 1.57 	 	 -0.52 
262 	  86 	 2.36 	 	 -1.57 	 	 0.00 
NaN 	 NaN 	 0.00 	 	 0.00 	 	 0.00 
NaN 	 NaN 	 0.00 	 	 0.00 	 	 0.00 
264 	 123 	 3.14 	 	 1.05 	 	 -0.79 
NaN 	 NaN 	 0.00 	 	 0.00 	 	 0.00 
268 	 136 	 3.14 	 	 -1.57 	 	 0.52 
NaN 	 NaN 	 0.00 	 	 0.00 	 	 0.00 
127 	 153 	 -2.62 	 	 -2.36 	 	 0.79 
NaN 	 NaN 	 0.00 	 	 0.00 	 	 0.00 
268 	 154 	 3.14 	 	 1.57 	 	 -0.79 
NaN 	 NaN 	 0.00 	 	 0.00 	 	 0.00 
157 	 166 	 3.14 	 	 -1.05 	 	 0.79 
NaN 	 NaN 	 0.00 	 	 0.00 	 	 0.00 
NaN 	 NaN 	 0.00 	 	 0.00 	 	 0.00 
267 	 173 	 3.14 	 	 -1.57 	 	 0.79 
168 	 174 	 -2.62 	 	 1.05 	 	 -0.52 
NaN 	 NaN 	 0.00 	 	 0.00 	 	 0.00 
179 	 184 	 -2.62 	 	 2.09 	 	 -0.79 
155 	 191 	 -2.36 	 	 2.09 	 	 0.00 
NaN 	 NaN 	 0.00 	 	 0.00 	 	 0.00 
267 	 200 	 3.14 	 	 1.57 	 	 -1.05 
NaN 	 NaN 	 0.00 	 	 0.00 	 	 0.00 
167 	 212 	 -2.62 	 	 1.57 	 	 -0.79 
155 	 232 	 3.14 	 	 -1.05 	 	 0.79 
NaN 	 NaN 	 0.00 	 	 0.00 	 	 0.00 
 62 	 245 	 -2.62 	 	 0.79 	 	 -0.79 
211 	 246 	 -2.36 	 	 1.57 	 	 -1.05 
NaN 	 NaN 	 0.00 	 	 0.00 	 	 0.00 
 77 	 252 	 2.36 	 	 -2.36 	 	 0.79 
 92 	 252 	 -2.62 	 	 1.05 	 	 -0.52 
 72 	 258 	 -2.62 	 	 1.05 	 	 -1.05 
 86 	 258 	 -2.62 	 	 1.05 	 	 -0.79 
233 	 259 	 2.36 	 	 -2.62 	 	 0.00 
242 	 259 	 3.14 	 	 2.09 	 	 -0.52 
NaN 	 NaN 	 0.00 	 	 0.00 	 	 0.00 
 93 	 264 	 2.62 	 	 -1.57 	 	 1.05 
226 	 264 	 2.62 	 	 -1.05 	 	 0.79 
 78 	 265 	 2.36 	 	 -1.05 	 	 0.79 
200 	 270 	 -2.62 	 	 1.57 	 	 -0.79 
186 	 274 	 -2.09 	 	 1.57 	 	 0.00 
