------------------------------------------------------------------- 
Name: 91 
Date: 2018-04-19 
Number of Terminations: 49 
Number of Bifurcations: 49 
------------------------------------------------------------------- 
------------------------------------------------------------------- 
Terminations : 
------------------------------------------------------------------- 
X          Y     Angle 
267 	  28 	 0.52 
171 	  34 	 0.00 
268 	  35 	 0.00 
164 	  36 	 -2.62 
186 	  51 	 0.00 
180 	  52 	 3.14 
142 	  53 	 -2.62 
193 	  58 	 3.14 
236 	  72 	 2.09 
214 	  77 	 2.62 
232 	  77 	 2.36 
 82 	  78 	 -2.09 
222 	  80 	 -0.79 
235 	  83 	 -1.57 
 62 	  84 	 1.05 
229 	  84 	 3.14 
273 	  86 	 -2.36 
 96 	  94 	 0.52 
 57 	 105 	 1.05 
207 	 110 	 3.14 
231 	 124 	 1.57 
 74 	 129 	 1.05 
 51 	 130 	 1.05 
NaN 	 NaN 	 NaN 
NaN 	 NaN 	 NaN 
 69 	 133 	 -2.09 
226 	 134 	 1.57 
100 	 135 	 -2.09 
232 	 138 	 -1.05 
 49 	 145 	 1.05 
247 	 145 	 -1.57 
216 	 149 	 -1.05 
112 	 150 	 -2.36 
 49 	 159 	 1.05 
NaN 	 NaN 	 NaN 
NaN 	 NaN 	 NaN 
NaN 	 NaN 	 NaN 
231 	 175 	 1.57 
 45 	 176 	 1.05 
NaN 	 NaN 	 NaN 
235 	 181 	 -1.57 
207 	 182 	 -1.57 
NaN 	 NaN 	 NaN 
 46 	 199 	 0.79 
159 	 220 	 -2.36 
NaN 	 NaN 	 NaN 
 47 	 232 	 0.52 
125 	 236 	 -2.09 
154 	 240 	 -1.05 
------------------------------------------------------------------- 
Bifurcations : 
------------------------------------------------------------------- 
X          Y     Angle 1     Angle 2    Angle 3 
213 	  16 	 2.62 	 	 NaN 	 	 0.00 
157 	  17 	 -2.62 	 	 NaN 	 	 0.52 
NaN 	 NaN 	 0.00 	 	 NaN 	 	 0.00 
212 	  23 	 3.14 	 	 1.57 	 	 -1.57 
201 	  27 	 3.14 	 	 1.57 	 	 -0.52 
211 	  29 	 -2.62 	 	 1.05 	 	 0.00 
 81 	  40 	 2.36 	 	 -2.09 	 	 0.52 
102 	  49 	 -2.36 	 	 1.05 	 	 0.00 
188 	  63 	 -2.62 	 	 1.57 	 	 0.00 
NaN 	 NaN 	 0.00 	 	 0.00 	 	 0.00 
NaN 	 NaN 	 0.00 	 	 0.00 	 	 0.00 
250 	  76 	 3.14 	 	 -1.57 	 	 0.79 
197 	  89 	 2.62 	 	 2.09 	 	 -0.52 
145 	 101 	 3.14 	 	 1.57 	 	 -0.52 
 68 	 105 	 -2.36 	 	 2.09 	 	 0.00 
NaN 	 NaN 	 0.00 	 	 0.00 	 	 0.00 
NaN 	 NaN 	 0.00 	 	 0.00 	 	 0.00 
NaN 	 NaN 	 0.00 	 	 0.00 	 	 0.00 
176 	 118 	 -2.62 	 	 1.57 	 	 0.52 
NaN 	 NaN 	 0.00 	 	 0.00 	 	 0.00 
NaN 	 NaN 	 0.00 	 	 0.00 	 	 0.00 
266 	 136 	 3.14 	 	 1.05 	 	 -0.79 
NaN 	 NaN 	 0.00 	 	 0.00 	 	 0.00 
160 	 149 	 3.14 	 	 -1.57 	 	 0.52 
133 	 162 	 -2.62 	 	 1.05 	 	 -1.05 
NaN 	 NaN 	 0.00 	 	 0.00 	 	 0.00 
NaN 	 NaN 	 0.00 	 	 0.00 	 	 0.00 
162 	 167 	 -2.62 	 	 1.57 	 	 0.00 
129 	 168 	 -2.36 	 	 1.57 	 	 0.00 
NaN 	 NaN 	 0.00 	 	 0.00 	 	 0.00 
NaN 	 NaN 	 0.00 	 	 0.00 	 	 0.00 
NaN 	 NaN 	 0.00 	 	 0.00 	 	 0.00 
170 	 193 	 3.14 	 	 0.79 	 	 -0.79 
267 	 195 	 3.14 	 	 1.05 	 	 -0.79 
180 	 206 	 3.14 	 	 1.57 	 	 -0.79 
155 	 208 	 -2.36 	 	 1.57 	 	 -0.52 
NaN 	 NaN 	 0.00 	 	 0.00 	 	 0.00 
152 	 249 	 -2.62 	 	 -1.05 	 	 0.79 
NaN 	 NaN 	 0.00 	 	 0.00 	 	 0.00 
248 	 254 	 3.14 	 	 2.09 	 	 -0.79 
233 	 260 	 2.36 	 	 -1.57 	 	 0.00 
 87 	 261 	 -2.62 	 	 0.79 	 	 -0.79 
 67 	 263 	 3.14 	 	 1.05 	 	 -0.79 
 92 	 266 	 2.36 	 	 -2.09 	 	 0.52 
206 	 270 	 -2.36 	 	 1.57 	 	 -1.05 
243 	 270 	 3.14 	 	 1.05 	 	 -0.79 
 94 	 272 	 -2.62 	 	 1.05 	 	 0.52 
156 	 285 	 -2.09 	 	 1.57 	 	 0.00 
163 	 289 	 2.62 	 	 -1.57 	 	 0.79 
