------------------------------------------------------------------- 
Name: 98 
Date: 2018-04-19 
Number of Terminations: 53 
Number of Bifurcations: 52 
------------------------------------------------------------------- 
------------------------------------------------------------------- 
Terminations : 
------------------------------------------------------------------- 
X          Y     Angle 
180 	  11 	 3.14 
NaN 	 NaN 	 NaN 
174 	  20 	 0.00 
157 	  27 	 -2.62 
154 	  36 	 3.14 
181 	  36 	 0.00 
104 	  51 	 -2.36 
134 	  55 	 -2.62 
 68 	  56 	 1.05 
184 	  62 	 3.14 
160 	  63 	 0.79 
154 	  64 	 -2.36 
NaN 	 NaN 	 NaN 
 62 	  78 	 1.05 
144 	  84 	 0.52 
 58 	  96 	 1.05 
245 	 102 	 -1.05 
187 	 106 	 2.62 
133 	 107 	 -1.57 
NaN 	 NaN 	 NaN 
259 	 118 	 0.79 
 52 	 120 	 0.79 
177 	 124 	 -2.36 
137 	 126 	 1.57 
155 	 128 	 0.79 
179 	 132 	 0.52 
 53 	 133 	 1.05 
207 	 133 	 -1.57 
NaN 	 NaN 	 NaN 
239 	 138 	 -1.57 
245 	 148 	 -1.57 
194 	 149 	 -2.62 
 53 	 150 	 0.79 
NaN 	 NaN 	 NaN 
223 	 162 	 1.05 
247 	 165 	 1.57 
223 	 168 	 -2.09 
 50 	 170 	 1.05 
133 	 170 	 1.05 
191 	 170 	 -2.62 
247 	 171 	 -1.57 
 49 	 189 	 1.05 
NaN 	 NaN 	 NaN 
250 	 190 	 -1.57 
166 	 205 	 -2.09 
112 	 207 	 -2.36 
221 	 208 	 1.05 
 53 	 216 	 0.79 
219 	 228 	 1.05 
 53 	 230 	 0.52 
 76 	 232 	 0.79 
181 	 244 	 0.52 
151 	 278 	 -1.57 
------------------------------------------------------------------- 
Bifurcations : 
------------------------------------------------------------------- 
X          Y     Angle 1     Angle 2    Angle 3 
137 	  14 	 -2.62 	 	 NaN 	 	 0.00 
119 	  15 	 3.14 	 	 NaN 	 	 0.79 
157 	  16 	 3.14 	 	 NaN 	 	 0.00 
NaN 	 NaN 	 0.00 	 	 NaN 	 	 0.00 
236 	  25 	 3.14 	 	 1.05 	 	 0.52 
 80 	  39 	 -2.09 	 	 1.05 	 	 -0.52 
242 	  43 	 2.36 	 	 0.79 	 	 -0.79 
NaN 	 NaN 	 0.00 	 	 0.00 	 	 0.00 
176 	  46 	 3.14 	 	 -1.05 	 	 0.52 
248 	  47 	 3.14 	 	 1.57 	 	 -0.79 
 84 	  49 	 2.62 	 	 -2.09 	 	 0.52 
250 	  62 	 2.62 	 	 -1.05 	 	 0.79 
NaN 	 NaN 	 0.00 	 	 0.00 	 	 0.00 
261 	  74 	 2.36 	 	 -1.05 	 	 0.52 
267 	  82 	 2.36 	 	 -2.09 	 	 0.52 
193 	  87 	 2.62 	 	 -1.57 	 	 0.00 
262 	  89 	 3.14 	 	 -1.05 	 	 0.79 
198 	  92 	 3.14 	 	 1.57 	 	 -0.52 
NaN 	 NaN 	 0.00 	 	 0.00 	 	 0.00 
NaN 	 NaN 	 0.00 	 	 0.00 	 	 0.00 
104 	 125 	 2.36 	 	 -1.57 	 	 0.79 
129 	 130 	 -2.36 	 	 1.57 	 	 0.00 
 88 	 134 	 -2.09 	 	 1.57 	 	 0.00 
NaN 	 NaN 	 0.00 	 	 0.00 	 	 0.00 
NaN 	 NaN 	 0.00 	 	 0.00 	 	 0.00 
NaN 	 NaN 	 0.00 	 	 0.00 	 	 0.00 
NaN 	 NaN 	 0.00 	 	 0.00 	 	 0.00 
257 	 171 	 2.09 	 	 -2.09 	 	 0.00 
269 	 171 	 3.14 	 	 -1.57 	 	 0.79 
157 	 178 	 -2.36 	 	 2.09 	 	 0.52 
NaN 	 NaN 	 0.00 	 	 0.00 	 	 0.00 
260 	 186 	 2.36 	 	 -2.36 	 	 0.00 
NaN 	 NaN 	 0.00 	 	 0.00 	 	 0.00 
175 	 223 	 -2.36 	 	 1.57 	 	 0.00 
251 	 231 	 3.14 	 	 1.57 	 	 -0.52 
238 	 238 	 3.14 	 	 -1.05 	 	 0.79 
 69 	 245 	 3.14 	 	 -1.57 	 	 0.79 
241 	 247 	 3.14 	 	 1.57 	 	 0.00 
235 	 250 	 3.14 	 	 -1.57 	 	 0.79 
202 	 252 	 -2.62 	 	 -1.57 	 	 0.79 
 58 	 258 	 -2.36 	 	 1.57 	 	 0.00 
 86 	 258 	 -2.62 	 	 1.05 	 	 -0.79 
235 	 258 	 -2.62 	 	 1.57 	 	 -0.52 
205 	 259 	 -2.62 	 	 2.09 	 	 0.00 
NaN 	 NaN 	 0.00 	 	 0.00 	 	 0.00 
NaN 	 NaN 	 0.00 	 	 0.00 	 	 0.00 
NaN 	 NaN 	 0.00 	 	 0.00 	 	 0.00 
101 	 271 	 -2.36 	 	 2.09 	 	 0.79 
118 	 275 	 -2.36 	 	 1.57 	 	 0.00 
159 	 281 	 -2.62 	 	 -1.57 	 	 0.79 
218 	 281 	 2.36 	 	 -1.05 	 	 0.52 
130 	 284 	 -2.62 	 	 1.05 	 	 -0.79 
