------------------------------------------------------------------- 
Name: 99 
Date: 2018-04-19 
Number of Terminations: 71 
Number of Bifurcations: 44 
------------------------------------------------------------------- 
------------------------------------------------------------------- 
Terminations : 
------------------------------------------------------------------- 
X          Y     Angle 
212 	  12 	 3.14 
 83 	  13 	 -1.05 
167 	  29 	 0.00 
223 	  32 	 2.62 
NaN 	 NaN 	 NaN 
NaN 	 NaN 	 NaN 
NaN 	 NaN 	 NaN 
202 	  47 	 3.14 
208 	  50 	 -0.52 
220 	  54 	 3.14 
268 	  54 	 0.00 
152 	  57 	 0.52 
226 	  58 	 -0.52 
250 	  61 	 2.62 
134 	  63 	 3.14 
256 	  68 	 1.05 
132 	  71 	 -2.62 
158 	  72 	 -0.52 
147 	  73 	 2.62 
251 	  77 	 2.09 
 82 	  86 	 -2.36 
152 	  87 	 -0.52 
 58 	  89 	 0.52 
235 	  89 	 -0.52 
111 	  91 	 3.14 
274 	  91 	 0.79 
153 	  97 	 3.14 
NaN 	 NaN 	 NaN 
NaN 	 NaN 	 NaN 
 57 	 102 	 0.79 
 53 	 119 	 1.05 
120 	 119 	 0.52 
NaN 	 NaN 	 NaN 
206 	 131 	 2.09 
220 	 133 	 2.09 
226 	 135 	 -0.79 
161 	 140 	 2.62 
220 	 140 	 -1.05 
 49 	 141 	 1.57 
202 	 144 	 2.62 
197 	 149 	 -1.05 
250 	 156 	 2.09 
152 	 157 	 -2.36 
200 	 157 	 1.57 
220 	 162 	 2.09 
NaN 	 NaN 	 NaN 
131 	 164 	 1.05 
 47 	 166 	 1.57 
153 	 166 	 0.52 
182 	 167 	 -1.05 
NaN 	 NaN 	 NaN 
221 	 168 	 -1.57 
204 	 171 	 -1.05 
214 	 174 	 -1.57 
175 	 176 	 1.05 
109 	 178 	 -0.79 
126 	 182 	 1.05 
 46 	 183 	 1.57 
220 	 183 	 -1.57 
168 	 202 	 -2.62 
109 	 204 	 1.57 
238 	 212 	 -1.57 
238 	 218 	 1.57 
226 	 224 	 -1.57 
239 	 224 	 -1.05 
144 	 236 	 -2.09 
 91 	 242 	 -1.57 
197 	 243 	 1.05 
NaN 	 NaN 	 NaN 
196 	 261 	 0.52 
205 	 282 	 -1.57 
------------------------------------------------------------------- 
Bifurcations : 
------------------------------------------------------------------- 
X          Y     Angle 1     Angle 2    Angle 3 
125 	  15 	 -2.62 	 	 NaN 	 	 0.52 
 87 	  18 	 2.36 	 	 NaN 	 	 0.00 
262 	  25 	 -2.62 	 	 -2.09 	 	 0.00 
214 	  28 	 2.36 	 	 -2.62 	 	 -0.52 
NaN 	 NaN 	 0.00 	 	 0.00 	 	 0.00 
 83 	  45 	 2.36 	 	 -2.09 	 	 -0.52 
 83 	  57 	 2.36 	 	 -2.36 	 	 0.52 
 72 	  64 	 -2.36 	 	 2.09 	 	 0.52 
 68 	  77 	 2.36 	 	 -2.36 	 	 0.52 
268 	 105 	 2.36 	 	 -2.09 	 	 0.00 
NaN 	 NaN 	 0.00 	 	 0.00 	 	 0.00 
173 	 126 	 3.14 	 	 1.57 	 	 -0.52 
270 	 126 	 2.36 	 	 -2.36 	 	 0.00 
121 	 132 	 3.14 	 	 -1.57 	 	 0.79 
266 	 136 	 3.14 	 	 1.05 	 	 -0.79 
110 	 143 	 2.09 	 	 -2.09 	 	 0.00 
140 	 143 	 3.14 	 	 -2.09 	 	 0.79 
124 	 144 	 3.14 	 	 -1.57 	 	 0.79 
NaN 	 NaN 	 0.00 	 	 0.00 	 	 0.00 
NaN 	 NaN 	 0.00 	 	 0.00 	 	 0.00 
 54 	 153 	 -2.36 	 	 2.09 	 	 -0.52 
 82 	 160 	 3.14 	 	 -1.05 	 	 0.79 
106 	 165 	 -2.09 	 	 1.57 	 	 0.00 
 68 	 169 	 -2.36 	 	 2.09 	 	 0.52 
NaN 	 NaN 	 0.00 	 	 0.00 	 	 0.00 
NaN 	 NaN 	 0.00 	 	 0.00 	 	 0.00 
263 	 191 	 3.14 	 	 0.79 	 	 -0.79 
159 	 207 	 3.14 	 	 -1.05 	 	 0.79 
134 	 211 	 2.09 	 	 -2.09 	 	 0.00 
154 	 211 	 3.14 	 	 1.05 	 	 -0.52 
249 	 224 	 2.09 	 	 -2.09 	 	 0.00 
NaN 	 NaN 	 0.00 	 	 0.00 	 	 0.00 
NaN 	 NaN 	 0.00 	 	 0.00 	 	 0.00 
 52 	 230 	 -2.36 	 	 2.09 	 	 0.79 
 47 	 245 	 -2.36 	 	 1.57 	 	 0.00 
 65 	 249 	 -2.62 	 	 1.05 	 	 -0.79 
241 	 250 	 -2.36 	 	 2.09 	 	 0.00 
135 	 256 	 -2.36 	 	 1.57 	 	 0.00 
182 	 273 	 3.14 	 	 1.05 	 	 -0.79 
210 	 275 	 3.14 	 	 -1.57 	 	 0.52 
NaN 	 NaN 	 0.00 	 	 0.00 	 	 0.00 
194 	 280 	 3.14 	 	 -1.57 	 	 0.52 
186 	 282 	 -2.62 	 	 1.57 	 	 0.00 
160 	 285 	 -2.36 	 	 2.09 	 	 0.00 
